0 0 0 0 0 0 0 0 0 0 0 0 0 0 0 0
0 0 0 0 0 0 0 0 0 0 0 0 0 0 0 0
0 0 0 0 0 0 0 0 0 0 0 0 0 0 0 0
32 4 0 0 16 0 0 0 0 0 0 0 0 0 0 0
0 0 0 0 0 2 0 5 0 0 0 0 0 0 0 3
0 0 0 0 0 0 31 0 5 0 0 63 0 0 0 0
0 0 0 0 0 0 0 0 0 0 0 0 0 0 0 0
0 0 0 0 0 0 24 10 40 0 42 0 0 0 0 0
0 0 0 0 0 0 0 0 0 0 0 0 0 0 0 0
0 0 0 0 0 0 0 6 2 6 16 0 0 0 15 0
0 0 0 0 72 8 0 0 0 0 0 28 0 0 0 12
0 0 42 63 0 0 15 63 0 0 0 18 0 49 0 0
0 0 0 0 0 0 0 0 0 0 0 0 0 0 0 0
6 0 0 0 27 14 0 0 0 0 18 0 0 0 0 21
0 0 0 0 0 0 15 10 25 0 0 0 0 0 0 0
0 0 0 0 0 0 36 0 0 0 0 81 0 0 0 0
