421 398 424 398 421 350 378 435 270 354 325 379 338 290 330 404
300 268 297 279 311 154 309 320 216 200 255 270 274 218 276 305
410 321 374 325 382 257 261 353 283 346 222 380 304 275 352 438
414 381 337 252 292 280 231 329 179 264 304 366 262 282 264 361
407 325 324 285 359 240 369 378 205 298 291 362 283 362 299 439
336 282 265 228 258 221 208 309 182 266 226 297 233 246 200 235
469 395 350 320 401 296 374 438 184 325 290 411 317 351 247 377
340 311 274 247 324 221 252 320 189 240 246 319 251 291 269 353
356 303 233 203 260 183 169 285 148 191 219 296 226 201 235 283
415 407 378 366 334 295 328 333 242 263 437 382 284 297 394 424
464 374 364 325 401 263 379 433 223 335 280 390 307 332 339 461
377 401 412 314 358 293 246 425 260 276 307 339 306 235 316 344
492 445 415 409 485 359 437 471 293 356 373 408 336 339 417 523
288 238 290 245 353 266 258 318 183 222 226 271 219 232 260 368
432 398 405 354 429 286 360 418 296 308 341 400 368 314 428 461
466 410 372 334 429 305 291 451 251 313 289 384 324 284 386 445
