0 0 0 0 0 0 0 0 48 0 0 0 64 40 40 0
0 0 0 0 0 0 0 0 0 0 0 0 0 0 0 0
0 0 0 0 0 8 0 0 0 16 0 64 0 56 0 0
54 0 0 0 48 0 0 0 0 0 0 0 0 0 0 0
0 0 0 40 0 0 8 0 0 0 0 0 0 0 0 0
0 0 0 0 0 7 0 0 1 14 0 56 0 49 0 0
0 0 0 0 0 0 0 0 0 0 0 0 0 0 0 0
0 27 0 0 0 0 0 0 93 0 0 0 127 40 40 0
0 0 0 0 0 8 0 0 0 0 0 0 0 0 0 0
36 0 0 0 32 0 0 0 0 0 0 0 0 0 0 0
0 0 0 0 0 0 0 0 0 0 0 3 0 0 0 0
0 0 0 0 0 0 0 0 0 0 0 0 0 0 0 0
0 0 0 0 0 0 0 0 0 0 0 0 0 0 0 0
0 0 0 0 0 0 0 0 13 0 0 0 16 10 10 0
54 0 0 0 48 0 0 0 0 0 0 0 0 0 0 0
0 15 0 0 0 0 0 0 31 0 0 0 43 5 5 0
