0 0 0 0 0 28 0 0 8 0 0 0 0 0 0 0
0 0 0 0 0 0 0 0 0 0 0 0 0 0 0 0
0 0 0 0 0 0 0 0 0 0 0 0 0 0 0 0
4 0 8 12 0 0 0 0 0 0 0 0 24 0 0 0
0 0 0 0 0 0 0 0 0 0 0 0 0 0 0 0
4 0 8 12 0 0 0 0 0 0 0 0 34 0 0 0
0 0 0 0 0 0 0 0 0 0 0 0 0 0 0 0
2 45 14 6 0 0 0 0 0 0 0 0 5 0 0 0
0 0 0 0 0 8 0 0 0 0 0 0 8 0 0 0
0 0 0 0 0 0 0 0 0 0 0 0 0 0 0 0
0 0 0 0 0 0 0 0 16 0 0 0 0 0 0 0
0 18 4 0 0 0 0 0 0 0 0 54 12 0 0 0
0 0 0 0 0 0 0 0 0 0 0 0 0 0 0 0
6 9 14 18 0 0 0 0 0 0 0 0 0 0 0 0
0 2 0 8 0 0 0 0 0 0 0 9 4 8 2 0
0 0 0 0 0 0 0 0 0 0 0 0 4 0 0 0
