238 198 171 153 179 228 271 217 221 315 262 188 295 169 288 374
364 333 284 240 242 431 376 277 281 345 380 228 384 215 429 439
254 259 192 218 157 274 347 289 278 284 345 225 345 159 329 313
321 345 253 233 209 416 381 269 307 432 380 276 322 250 432 425
320 277 207 187 237 467 296 235 241 289 281 234 386 173 422 368
348 407 302 263 210 456 465 308 348 335 442 304 431 253 520 509
306 320 248 228 152 411 355 251 285 345 290 240 260 236 371 354
357 373 326 222 236 431 375 254 320 339 422 270 439 248 436 510
358 351 278 239 250 462 365 267 295 348 377 242 342 237 419 405
390 276 288 304 271 379 421 305 345 475 364 224 418 199 410 430
321 333 213 154 174 325 269 191 198 196 329 284 348 194 379 307
248 199 164 159 138 305 242 141 239 284 239 167 223 182 239 274
409 512 333 283 200 528 524 349 415 431 529 411 430 351 581 557
429 397 352 289 211 375 402 285 326 421 412 324 407 277 441 428
379 400 364 313 264 490 460 314 396 395 453 285 458 273 508 524
369 305 266 255 226 341 377 270 264 382 343 301 352 237 427 364
