400 383 371 427 446 412 231 414 319 321 328 390 250 339 286 413
295 350 394 292 370 361 210 378 336 271 349 322 178 305 275 349
344 313 380 322 411 410 264 377 277 236 272 289 303 261 225 370
406 421 424 375 478 449 285 470 349 318 384 278 264 356 249 361
374 368 343 374 427 379 223 430 287 328 360 344 250 309 306 371
329 208 335 286 393 350 196 316 198 195 252 215 321 223 208 214
330 287 306 300 396 335 265 367 187 256 270 317 291 232 264 323
277 306 372 237 327 340 228 314 265 207 259 329 234 201 235 365
345 299 375 253 346 316 208 389 296 278 331 314 215 259 273 345
404 388 468 368 443 397 261 410 299 255 357 298 313 302 284 376
425 387 487 408 499 436 331 503 306 305 453 358 386 319 361 406
345 336 371 269 410 385 280 431 231 239 296 254 276 234 226 332
306 260 303 286 338 380 182 351 224 253 211 330 228 262 205 319
281 285 299 328 359 322 146 281 244 199 289 260 204 245 226 255
399 415 402 383 496 479 297 441 320 288 298 430 257 336 271 431
351 241 375 280 401 345 280 377 241 222 335 293 341 229 283 333
