1203 1284 1514 1331 1251 1394 1211 1455 1432 1509 1484 1548 1508 1324 1448 1466 1566 1456 1283 1676 1151 1250 1305 1411 1658 1608 1526 1307 1286 1465 1448 1633 1522 1220 1217 1540 1333 1488 1674 1349 1438 1326 1616 1706 1164 1462 1375 1395 1452 1422 1401 1321 1107 1561 1666 1615 1386 1631 1462 1510 1604 1656 1378 1721
1395 1280 1689 1505 1404 1565 1399 1327 1597 1553 1718 1634 1590 1460 1500 1755 1617 1512 1469 1635 1390 1304 1595 1425 1788 1677 1649 1348 1342 1455 1635 1801 1607 1406 1401 1691 1395 1781 1651 1599 1482 1440 1689 1863 1398 1566 1370 1589 1598 1501 1529 1463 1170 1586 1880 1584 1357 1684 1657 1676 1766 1638 1553 1754
1325 1218 1573 1176 1118 1439 1231 1255 1325 1228 1436 1458 1211 1228 1219 1463 1433 1263 1165 1393 1238 1162 1282 1183 1610 1424 1320 1213 1159 1191 1455 1432 1261 1192 1124 1395 1104 1458 1423 1378 1305 1177 1525 1460 1159 1355 1261 1327 1404 1223 1264 1165 1060 1357 1539 1322 1251 1409 1274 1314 1390 1288 1242 1444
1139 1203 1190 1167 1006 1394 1040 1148 1263 1235 1376 1351 1155 1164 1223 1256 1388 1315 1046 1373 985 966 1163 1158 1517 1299 1319 1154 1049 1171 1431 1371 1351 1036 1049 1319 1137 1386 1179 1344 1355 1132 1202 1360 1151 1238 1233 1325 1297 1078 1181 1103 936 1314 1437 1372 1047 1157 1224 1271 1466 1215 1253 1431
1124 1103 1421 1273 1050 1514 1136 1304 1440 1407 1460 1466 1312 1349 1452 1437 1513 1344 1204 1537 1175 1253 1407 1305 1601 1470 1401 1357 1215 1429 1427 1564 1393 1257 1205 1379 1181 1542 1580 1382 1446 1403 1412 1582 1180 1364 1353 1486 1276 1427 1385 1212 1007 1399 1666 1498 1357 1513 1458 1445 1668 1523 1352 1658
1202 1290 1388 1263 1082 1431 1237 1294 1287 1520 1373 1455 1337 1251 1276 1502 1419 1402 1336 1454 1300 1093 1408 1205 1584 1383 1507 1384 1256 1349 1587 1665 1388 1225 1139 1627 1159 1644 1536 1414 1345 1349 1501 1627 1345 1338 1383 1468 1353 1305 1378 1225 1080 1506 1675 1430 1370 1606 1420 1512 1512 1457 1447 1513
1183 1153 1201 1141 1012 1363 1109 1134 1181 1218 1255 1342 1085 1279 1244 1427 1288 1179 1175 1340 1007 1061 1271 1197 1562 1362 1339 1121 1131 1263 1359 1504 1318 1104 1081 1204 1032 1372 1377 1290 1258 1346 1371 1443 1135 1280 1192 1288 1224 1134 1288 1178 907 1246 1445 1342 1026 1380 1240 1309 1397 1280 1246 1456
1231 1245 1487 1300 1179 1470 1212 1247 1363 1430 1592 1612 1331 1469 1361 1558 1523 1343 1286 1555 1220 1280 1482 1362 1643 1599 1647 1380 1236 1367 1510 1518 1474 1244 1189 1301 1121 1449 1471 1413 1385 1435 1439 1688 1230 1330 1306 1484 1355 1322 1356 1302 1151 1449 1764 1519 1260 1620 1276 1416 1563 1578 1492 1637
1224 1237 1488 1466 1295 1477 1253 1287 1457 1562 1545 1559 1582 1402 1457 1591 1476 1371 1434 1613 1233 1202 1414 1299 1732 1664 1585 1374 1223 1412 1592 1717 1460 1287 1293 1577 1266 1720 1619 1473 1471 1372 1605 1749 1226 1411 1339 1545 1515 1402 1438 1385 1194 1528 1705 1526 1290 1600 1510 1534 1534 1674 1501 1635
1201 1148 1319 1221 1157 1241 1118 1087 1249 1188 1323 1389 1172 1141 1126 1256 1257 1201 1198 1343 997 1133 1228 1196 1476 1360 1356 1127 1093 1232 1232 1357 1147 1032 1082 1239 1002 1525 1330 1242 1276 1274 1242 1414 1038 1139 1049 1276 1276 1152 1133 1074 1023 1226 1433 1293 1113 1340 1291 1244 1374 1225 1155 1454
1026 1027 1244 1095 990 1340 1036 1162 1120 1105 1102 1346 1013 1135 1069 1195 1162 1167 1146 1337 863 1018 1172 1154 1450 1262 1272 1031 1034 1237 1252 1376 1154 867 1084 1109 1018 1321 1332 1324 1334 1244 1311 1335 1052 1200 1131 1126 1073 1093 1233 1063 1029 1254 1360 1306 1160 1229 1171 1139 1188 1276 1230 1384
1219 1149 1426 1103 1083 1384 1175 1319 1347 1364 1360 1501 1238 1198 1309 1418 1371 1260 1117 1413 1061 1132 1276 1211 1559 1368 1250 1278 1080 1293 1439 1542 1348 1308 1177 1311 1172 1464 1371 1214 1275 1306 1415 1472 1193 1266 1262 1325 1400 1245 1285 1142 1006 1324 1505 1481 1211 1462 1375 1406 1463 1351 1380 1362
1128 1077 1330 1135 1040 1354 1135 1170 1291 1236 1451 1405 1317 1176 1266 1307 1422 1301 1118 1596 1055 1220 1132 1179 1544 1387 1271 1123 1196 1234 1437 1447 1356 1096 1145 1305 1182 1398 1371 1204 1413 1296 1433 1493 1200 1400 1160 1304 1272 1227 1282 1145 976 1196 1505 1431 1184 1348 1298 1276 1514 1356 1271 1479
1017 1036 1302 1165 998 1276 1034 1095 1158 1222 1244 1300 1215 1312 1233 1331 1368 1272 1107 1418 1046 1053 1225 1128 1488 1287 1277 1195 1023 1190 1233 1283 1284 1069 1116 1285 1077 1317 1431 1233 1331 1194 1362 1420 1111 1176 1197 1265 1241 1195 1213 1094 816 1229 1472 1211 1175 1296 1183 1293 1451 1362 1277 1437
1370 1352 1520 1442 1148 1436 1354 1324 1284 1473 1519 1551 1359 1343 1261 1520 1501 1483 1243 1509 1256 1363 1529 1388 1522 1670 1645 1301 1253 1391 1519 1649 1574 1229 1304 1476 1460 1607 1592 1491 1459 1352 1602 1769 1363 1384 1526 1542 1353 1294 1460 1406 1177 1525 1798 1566 1343 1478 1431 1462 1700 1499 1545 1604
1121 1024 1231 1200 1088 1177 1036 1114 1007 1214 1216 1168 1083 1141 1072 1346 1239 1185 980 1310 1051 926 1130 1087 1427 1168 1317 1031 1010 1214 1221 1400 1208 1032 952 1194 1008 1274 1324 1222 1172 1057 1249 1349 932 1099 1004 1095 1060 1039 1227 986 854 1294 1498 1223 1131 1201 1144 1049 1298 1360 1212 1307
1153 1251 1264 1282 1034 1329 1107 1240 1311 1320 1355 1419 1240 1232 1351 1304 1299 1383 1126 1398 1270 1104 1322 1226 1481 1355 1530 1196 1229 1288 1442 1536 1262 1105 1130 1312 1237 1493 1410 1293 1253 1405 1383 1408 1079 1299 1298 1254 1374 1279 1491 1121 965 1337 1559 1295 1172 1331 1276 1268 1345 1461 1325 1431
1211 1053 1315 1087 923 1289 1203 1051 1347 1212 1292 1325 1112 1140 1179 1295 1342 1136 1046 1326 1038 1098 1234 1206 1416 1313 1227 1115 1088 1253 1258 1420 1206 1119 1085 1167 1127 1392 1419 1374 1218 1259 1298 1442 1055 1157 1209 1347 1136 1175 1294 1078 900 1183 1435 1263 1145 1371 1277 1232 1368 1287 1225 1359
1117 1208 1381 1241 1047 1321 1246 1177 1193 1302 1330 1326 1215 1256 1155 1440 1490 1397 1059 1341 1193 1233 1339 1117 1493 1281 1426 1143 1194 1199 1481 1427 1379 1119 1191 1282 1311 1481 1338 1223 1294 1277 1434 1501 1177 1207 1112 1221 1327 1161 1335 1108 881 1424 1538 1354 1164 1378 1326 1192 1527 1334 1444 1315
1332 1405 1510 1388 1101 1560 1197 1450 1419 1550 1641 1521 1487 1379 1465 1497 1549 1497 1231 1602 1245 1187 1388 1369 1703 1592 1583 1309 1261 1420 1569 1713 1489 1388 1309 1600 1343 1604 1569 1655 1473 1404 1635 1720 1374 1423 1366 1466 1473 1443 1500 1385 1117 1573 1667 1490 1242 1585 1362 1602 1645 1530 1539 1643
1236 1162 1156 1119 951 1424 1077 1063 1371 1219 1351 1360 1256 1233 1241 1333 1256 1240 1171 1452 1055 964 1217 1264 1508 1295 1261 1195 1007 1195 1357 1220 1379 1084 1139 1292 948 1387 1317 1262 1258 1291 1284 1362 1102 1265 1192 1299 1411 1194 1202 1176 902 1205 1411 1293 1009 1455 1188 1335 1261 1186 1222 1378
1091 1153 1339 1312 1036 1296 1271 1162 1268 1316 1316 1395 1258 1269 1111 1388 1381 1298 1200 1423 1193 1156 1283 1263 1542 1391 1398 1182 1060 1299 1380 1413 1302 1001 1096 1271 1264 1466 1484 1206 1360 1377 1336 1483 1164 1235 1177 1100 1324 1183 1325 1115 1030 1405 1576 1281 1211 1360 1323 1226 1306 1331 1292 1359
1291 1376 1500 1358 1187 1423 1207 1290 1274 1335 1559 1553 1276 1219 1305 1413 1411 1263 1273 1550 1139 1121 1390 1277 1652 1592 1470 1276 1228 1360 1483 1631 1443 1262 1235 1312 1278 1585 1364 1443 1424 1276 1399 1593 1215 1373 1192 1406 1300 1253 1289 1234 1111 1352 1574 1516 1289 1487 1249 1453 1478 1422 1431 1613
1227 1279 1379 1320 1031 1425 1225 1195 1279 1508 1417 1410 1264 1322 1298 1329 1411 1259 1172 1467 1051 1180 1333 1222 1468 1369 1378 1276 1220 1353 1404 1480 1329 1200 1092 1390 1073 1583 1540 1342 1269 1278 1325 1616 1149 1266 1255 1455 1243 1254 1290 1149 1002 1373 1531 1464 1250 1389 1259 1295 1352 1435 1331 1520
1022 966 1130 990 867 1098 987 1100 1089 1171 1165 1179 1030 1005 936 1225 1077 1135 1008 1132 897 998 1132 988 1380 1186 1140 1017 959 1073 1263 1241 1219 1045 890 1185 993 1162 1210 1115 1073 1143 1320 1325 1198 1145 1068 1233 1139 948 1076 944 799 1102 1318 1132 797 1200 1151 1161 1246 1167 1200 1142
1083 1195 1285 1242 1104 1244 1070 1162 1241 1265 1364 1371 1125 1087 1260 1228 1236 1213 1102 1365 1060 983 1261 1071 1296 1322 1288 1166 1142 1174 1381 1443 1139 1139 1130 1310 1097 1485 1330 1364 1203 1162 1335 1403 986 1091 1194 1391 1160 1281 1249 1110 917 1170 1423 1336 1210 1416 1384 1324 1266 1326 1245 1386
1199 1073 1193 1265 1018 1374 1167 1282 1230 1385 1388 1379 1303 1221 1244 1360 1331 1356 1123 1370 1099 1207 1350 1162 1562 1319 1436 1150 1163 1347 1381 1511 1337 1225 1260 1342 1048 1479 1420 1310 1268 1377 1375 1481 1137 1300 1199 1373 1330 1231 1297 1100 841 1331 1615 1384 1145 1387 1299 1318 1468 1574 1377 1512
1158 1150 1232 1202 944 1202 1161 1017 1194 1220 1362 1203 1069 1174 1202 1351 1233 1133 1216 1373 1020 1074 1235 1121 1430 1227 1275 1194 1103 1160 1391 1299 1273 1149 1038 1081 980 1289 1249 1119 1153 1295 1253 1473 1098 1253 1100 1272 1172 1079 1158 1082 964 1231 1455 1288 1067 1434 1158 1252 1249 1211 1232 1340
1161 1198 1462 1167 1142 1395 1046 1231 1234 1397 1343 1368 1238 1277 1340 1441 1437 1307 1292 1461 1180 1047 1265 1209 1509 1254 1352 1296 1204 1381 1388 1537 1274 1145 1113 1359 1167 1419 1381 1366 1330 1316 1518 1561 1091 1294 1408 1340 1358 1265 1266 1245 948 1443 1571 1375 1247 1391 1227 1450 1405 1483 1264 1556
1155 1122 1335 1266 1007 1369 1206 1082 1423 1256 1277 1521 1238 1192 1285 1273 1245 1250 1153 1546 983 1132 1231 1160 1546 1465 1419 1188 1191 1284 1465 1393 1293 1223 1176 1298 1020 1594 1473 1301 1311 1272 1341 1331 1124 1247 1146 1257 1207 1206 1332 1040 1011 1247 1486 1357 1216 1509 1344 1476 1309 1378 1266 1426
1056 1056 1182 1115 889 1175 1124 906 1204 1127 1160 1249 1041 987 1061 1251 1307 1194 1002 1248 1006 1170 1153 1024 1370 1303 1219 1029 1106 1151 1274 1192 1195 1098 998 1056 972 1440 1345 1111 1242 1197 1183 1264 966 1209 938 1138 1132 1076 1198 1025 901 1132 1353 1171 1113 1390 1071 1167 1255 1164 1160 1142
1065 1057 1344 1241 1047 1232 1142 1066 1154 1311 1380 1280 1110 1093 1209 1198 1351 1221 1082 1441 1029 995 1097 1126 1378 1355 1354 1104 1143 1157 1278 1326 1192 1067 1044 1357 1104 1397 1404 1276 1338 1042 1364 1440 1067 1205 1101 1246 1217 1118 1233 1113 951 1286 1465 1198 1173 1343 1184 1267 1355 1296 1215 1339
1266 1210 1338 1073 1096 1290 1143 1033 1238 1395 1375 1526 1242 1261 1176 1319 1302 1145 1133 1415 1149 1106 1354 1239 1391 1456 1421 1142 1153 1296 1386 1345 1335 1247 1156 1362 1037 1468 1321 1370 1224 1251 1309 1516 1145 1224 1158 1424 1275 1195 1141 1193 1054 1242 1583 1397 1079 1559 1230 1398 1455 1307 1282 1544
1112 1152 1405 1042 988 1240 1035 1105 1262 1440 1348 1453 1257 1284 1216 1288 1366 1337 1085 1418 1032 1063 1272 1198 1442 1239 1251 1107 1058 1224 1403 1296 1284 1180 1169 1349 1107 1300 1419 1503 1457 1184 1394 1349 1059 1230 1191 1281 1235 1212 1253 1203 926 1227 1517 1294 1252 1373 1213 1373 1463 1398 1416 1527
1390 1307 1494 1282 1079 1694 1208 1483 1448 1499 1496 1646 1446 1354 1495 1462 1606 1440 1371 1627 1225 1203 1515 1444 1801 1563 1515 1448 1306 1455 1618 1612 1537 1353 1307 1502 1264 1720 1528 1559 1530 1516 1616 1621 1347 1387 1362 1544 1503 1395 1515 1311 1137 1449 1686 1544 1394 1612 1380 1536 1650 1590 1656 1649
1028 1121 1211 1189 1047 1178 1125 1089 1100 1239 1325 1366 1082 1078 1207 1237 1221 1211 1113 1320 1093 1019 1288 1080 1404 1328 1163 979 1119 1162 1280 1392 1162 1208 1133 1374 1076 1369 1297 1189 1268 1249 1342 1446 1099 1158 972 1187 1197 1113 1346 1005 909 1239 1463 1237 1176 1343 1157 1292 1336 1186 1232 1277
1136 1178 1373 1033 1133 1388 1060 1140 1313 1404 1429 1519 1258 1293 1235 1484 1318 1351 1288 1465 1169 1128 1317 1185 1518 1318 1295 1216 1116 1458 1436 1459 1256 1256 1158 1349 1138 1434 1400 1437 1501 1317 1438 1510 1195 1288 1238 1390 1323 1344 1327 1201 1032 1328 1592 1279 1092 1447 1330 1380 1567 1327 1404 1496
1350 1218 1406 1191 1184 1414 1187 1191 1346 1319 1335 1560 1251 1348 1376 1521 1432 1363 1212 1505 1077 1158 1227 1370 1652 1453 1520 1236 1152 1345 1339 1545 1405 1090 1323 1305 1223 1418 1512 1394 1464 1430 1477 1635 1201 1389 1270 1256 1320 1231 1427 1234 1093 1486 1610 1443 1169 1423 1203 1504 1474 1457 1292 1555
1333 1339 1588 1311 1221 1519 1347 1283 1553 1535 1568 1620 1363 1446 1442 1632 1581 1375 1441 1563 1214 1379 1565 1379 1736 1546 1447 1397 1293 1502 1570 1570 1393 1333 1319 1484 1217 1673 1698 1597 1512 1498 1638 1737 1300 1510 1466 1493 1460 1371 1431 1433 1143 1545 1720 1630 1313 1615 1480 1520 1554 1557 1504 1644
1177 1285 1377 1284 1190 1479 1197 1257 1354 1431 1457 1463 1477 1272 1233 1391 1296 1378 1259 1551 1243 1097 1354 1306 1659 1495 1437 1264 1131 1294 1449 1523 1369 1180 1184 1516 1150 1581 1487 1303 1355 1330 1397 1540 1154 1294 1196 1419 1335 1389 1307 1124 1003 1387 1640 1435 1278 1474 1393 1304 1460 1404 1408 1565
1305 1156 1348 1121 974 1307 1123 1022 1351 1236 1243 1337 1101 1148 1210 1364 1226 1176 1104 1349 897 1071 1166 1164 1660 1304 1140 1164 1054 1158 1415 1318 1324 1173 1141 1191 1055 1362 1365 1226 1271 1189 1356 1431 1109 1255 1195 1326 1173 1069 1115 988 827 1171 1328 1420 1069 1352 1280 1454 1370 1171 1141 1335
1134 1241 1183 1224 931 1312 1016 1075 1225 1130 1330 1336 1273 1172 1109 1269 1220 1192 1033 1354 1000 934 1070 1093 1333 1364 1297 1099 1098 1096 1309 1352 1249 989 968 1293 1020 1386 1362 1254 1182 1148 1181 1421 1018 1130 1036 1262 1160 1208 1172 1059 953 1170 1304 1218 1143 1369 1142 1269 1206 1214 1204 1345
1113 1104 1340 1001 923 1303 991 1010 1202 1317 1225 1340 1062 1179 1132 1233 1291 1178 996 1300 988 955 1055 1125 1347 1188 1174 1138 1075 1113 1268 1225 1199 1161 963 1234 915 1300 1289 1213 1229 1225 1256 1433 1065 1085 1233 1285 1247 1138 982 1052 819 1226 1366 1227 1202 1384 1122 1282 1362 1234 1218 1382
1187 1204 1402 1155 933 1410 1212 1182 1246 1385 1353 1453 1162 1339 1234 1380 1377 1360 1137 1419 1217 1126 1382 1179 1545 1301 1359 1280 1214 1267 1496 1481 1370 1345 1127 1361 1085 1556 1568 1351 1335 1369 1461 1434 1199 1233 1269 1447 1311 1313 1266 1111 882 1318 1559 1354 1243 1538 1351 1362 1460 1394 1369 1463
1126 1079 1278 1083 952 1133 1057 1149 1193 1247 1222 1358 1078 1040 1085 1361 1152 1271 1187 1219 983 1087 1282 1040 1302 1327 1159 1023 1073 1278 1269 1321 1227 1200 988 1134 1076 1356 1319 1218 1225 1152 1286 1240 1110 1272 1156 1225 1241 1110 1235 1108 987 1109 1471 1174 991 1188 1100 1237 1197 1219 1207 1283
1259 1248 1446 1455 1191 1497 1322 1276 1417 1324 1470 1562 1309 1399 1368 1550 1453 1404 1361 1635 1173 1218 1435 1368 1628 1590 1603 1349 1277 1438 1603 1595 1385 1138 1163 1392 1221 1540 1554 1405 1505 1440 1546 1629 1245 1319 1363 1461 1378 1320 1473 1242 1175 1509 1652 1393 1290 1618 1474 1468 1548 1480 1467 1556
1030 1116 1261 1208 978 1252 1125 1040 1314 1328 1307 1287 1128 1149 1259 1259 1232 1306 1106 1421 1005 1020 1066 1169 1391 1364 1386 1160 1139 1272 1273 1439 1148 1039 967 1201 1039 1411 1404 1230 1227 1186 1298 1476 1025 1319 1165 1222 1272 1238 1242 1114 1031 1284 1358 1235 1075 1421 1297 1241 1290 1351 1195 1380
1118 1080 1340 1276 1055 1190 1151 1248 1244 1265 1231 1405 1193 1183 1101 1428 1255 1279 1225 1272 1003 1148 1383 1160 1551 1419 1389 1065 1116 1297 1397 1469 1230 1109 1087 1293 1148 1475 1534 1364 1342 1237 1416 1460 1128 1270 1120 1284 1237 1176 1244 1144 1055 1376 1518 1335 1211 1420 1278 1307 1381 1415 1243 1390
1311 1229 1591 1300 1180 1555 1329 1383 1493 1490 1605 1577 1520 1415 1394 1518 1679 1433 1397 1688 1259 1299 1502 1383 1714 1483 1526 1425 1326 1468 1583 1700 1482 1343 1301 1443 1376 1592 1446 1597 1339 1371 1670 1726 1258 1382 1386 1565 1397 1402 1511 1323 1010 1486 1736 1584 1353 1521 1436 1409 1679 1753 1628 1685
1252 1216 1281 1282 1038 1451 1192 1166 1321 1347 1469 1461 1300 1322 1354 1444 1395 1326 1175 1467 1092 1201 1361 1244 1518 1408 1496 1185 1249 1263 1548 1481 1465 1107 1212 1311 1130 1521 1460 1385 1210 1296 1420 1518 1129 1301 1211 1414 1408 1167 1369 1180 1012 1323 1494 1524 1186 1393 1317 1288 1398 1468 1286 1399
1282 1290 1388 1236 1054 1423 1200 1278 1336 1407 1418 1530 1217 1241 1220 1516 1516 1266 1149 1429 1153 1153 1445 1223 1672 1554 1390 1274 1219 1400 1548 1511 1443 1247 1151 1271 1190 1519 1579 1415 1417 1331 1484 1550 1085 1379 1272 1366 1396 1330 1285 1209 1008 1432 1627 1562 1253 1451 1231 1430 1430 1501 1306 1484
1214 1084 1365 1332 1014 1343 1207 1159 1246 1226 1274 1502 1175 1353 1316 1418 1364 1182 1190 1393 979 1134 1283 1255 1560 1461 1338 1142 1107 1273 1322 1457 1284 1208 1090 1183 964 1461 1450 1347 1223 1228 1323 1505 1111 1210 1233 1344 1241 1130 1167 1099 993 1242 1387 1390 1148 1398 1211 1377 1406 1312 1241 1421
1319 1342 1393 1384 1176 1256 1179 1236 1386 1318 1457 1432 1282 1132 1177 1413 1357 1337 1197 1462 1067 1240 1271 1224 1593 1477 1374 1270 1251 1332 1375 1475 1281 1114 1099 1388 1175 1638 1530 1389 1327 1412 1478 1586 1161 1316 1343 1422 1392 1133 1304 1235 999 1379 1509 1419 1217 1415 1304 1454 1408 1395 1305 1460
1094 927 1257 1072 994 1250 1055 1132 1173 1096 1215 1278 1139 1127 1148 1330 1249 1152 1003 1297 947 972 1151 1165 1531 1264 1215 1008 950 1088 1221 1356 1274 1048 1097 1237 958 1213 1375 1176 1188 1065 1299 1366 957 1242 1012 1148 1217 1111 1097 1019 883 1243 1421 1361 1115 1336 1174 1217 1303 1340 1031 1369
915 980 1121 1035 917 1159 901 1007 1105 1153 1132 1164 989 1046 1088 1135 1192 1159 1039 1155 916 881 1147 1045 1331 1067 1196 1002 929 1080 1250 1294 1172 924 963 1239 1008 1175 1216 1227 1217 1040 1203 1185 956 1185 1008 1136 1182 1085 1182 1013 837 1150 1279 1073 1040 1160 1232 1103 1254 1251 1097 1279
1214 1234 1369 1151 1036 1391 1068 1090 1204 1073 1197 1287 1097 1132 1155 1279 1309 1309 1170 1402 1034 895 1060 1204 1450 1345 1281 1016 1103 1146 1379 1308 1097 930 1022 1259 1124 1424 1337 1305 1292 1160 1372 1356 1073 1223 1049 1090 1179 1181 1246 1079 982 1335 1339 1175 1144 1238 1218 1103 1193 1097 1167 1401
1025 890 1273 1022 853 1114 1051 1043 1098 1195 1119 1144 1124 1114 979 1127 1296 1176 1002 1246 888 1054 1064 1038 1347 1203 1185 974 972 1132 1175 1211 1218 999 1003 1067 935 1299 1373 1209 1171 1041 1248 1261 910 1139 999 1156 1078 1093 1018 965 857 1170 1305 1167 982 1129 1072 1056 1200 1266 1151 1343
1104 1167 1231 1104 959 1146 979 1032 1161 1148 1234 1216 1116 1116 1094 1257 1289 1236 939 1356 1007 985 1032 1110 1348 1298 1325 1067 1112 1029 1311 1301 1214 981 824 1202 948 1371 1359 1218 1133 1090 1248 1293 925 1219 1125 1226 1120 1117 1064 1085 967 1187 1294 1230 1126 1363 1177 1254 1395 1197 1109 1394
1214 1217 1301 1258 984 1252 979 1185 1190 1334 1293 1431 1219 1191 1291 1288 1397 1350 1154 1370 1112 1067 1199 1090 1455 1339 1317 1214 1165 1201 1504 1388 1380 1214 1151 1372 1260 1342 1256 1355 1255 1288 1415 1604 1223 1219 1242 1316 1262 1148 1332 1110 913 1280 1551 1417 1244 1331 1157 1409 1351 1410 1455 1408
1074 1052 1232 1078 954 1102 1221 1078 1262 1121 1275 1353 1165 1172 1064 1278 1140 1061 1049 1346 1010 978 1165 1211 1311 1261 1285 975 1031 1138 1167 1402 1136 1013 1005 1238 1016 1200 1389 1133 1095 1195 1258 1340 1025 1196 1066 1043 1179 1093 1123 1026 948 1309 1400 1164 1106 1319 1234 1119 1243 1389 1135 1422
1187 1209 1216 1262 966 1201 1120 1061 1115 1327 1401 1207 1049 1062 1190 1239 1146 1240 1132 1340 1053 1103 1278 1021 1397 1336 1239 1180 1206 1273 1307 1425 1230 1291 1051 1225 1044 1513 1379 1265 1127 1287 1379 1491 1029 1124 1060 1356 1196 1122 1317 1053 924 1267 1439 1325 1100 1357 1180 1339 1243 1293 1292 1283
1322 1344 1219 1330 1209 1315 1149 1172 1406 1414 1536 1546 1324 1231 1300 1506 1364 1243 1241 1494 1193 1112 1247 1223 1596 1382 1401 1263 1201 1332 1527 1557 1481 1184 1219 1393 1209 1524 1363 1430 1331 1391 1383 1537 1100 1277 1255 1371 1363 1219 1291 1215 955 1321 1582 1543 1148 1415 1456 1493 1470 1447 1354 1542
1342 1406 1450 1452 1219 1586 1344 1259 1363 1383 1532 1505 1323 1349 1287 1482 1442 1537 1296 1473 1263 1306 1423 1343 1748 1488 1617 1271 1263 1375 1471 1773 1487 1183 1332 1520 1254 1716 1604 1572 1455 1439 1654 1747 1222 1508 1251 1487 1442 1367 1490 1338 1125 1641 1625 1536 1211 1493 1446 1399 1514 1494 1351 1594
1188 1187 1281 1220 1088 1275 1166 1075 1273 1262 1359 1403 1217 1354 1242 1355 1401 1109 1132 1397 1123 1030 1365 1191 1590 1366 1319 1167 1072 1255 1345 1478 1324 1120 1142 1333 1094 1448 1461 1355 1262 1326 1338 1498 1027 1176 1104 1313 1267 1234 1313 1107 921 1343 1480 1366 1142 1441 1271 1393 1369 1335 1222 1506
