1198 1020 1177 1239 1304 1027 1211 1247 1383 1126 1453 1428 1454 1357 1319 1488 1285 1235 1568 1531 1290 1327 1240 1222 1161 1228 1223 1227 1120 1265 1406 1291 1147 1244 1236 1197 1241 1363 1111 1150 1418 1332 1424 1267 1067 1196 1334 961 1398 1121 1205 1134 972 1110 1236 1124 1422 1219 1397 1313 1384 1078 1479 1153
976 781 1098 928 993 996 975 1032 989 995 1254 1184 1352 1149 1149 1114 1109 1157 1274 1179 923 1186 942 1078 1117 1010 1039 1213 1328 863 1042 1088 1048 1057 938 1005 1065 1109 1000 946 1258 1155 1159 1051 900 1003 1125 978 1070 952 1059 871 776 834 1057 931 1237 1037 1085 1106 1329 1054 1312 1016
1259 1057 1294 1248 1404 1138 1229 1305 1298 1202 1596 1619 1663 1437 1356 1657 1415 1297 1644 1448 1194 1320 1171 1298 1298 1187 1215 1376 1471 1227 1432 1332 1161 1326 1262 1333 1215 1469 1276 1219 1501 1389 1471 1323 1089 1102 1306 1129 1367 1172 1227 1337 1040 1231 1366 1187 1603 1348 1480 1348 1483 1309 1765 1300
1303 1055 1397 1331 1475 1115 1392 1321 1319 1404 1661 1519 1603 1381 1395 1666 1469 1544 1639 1454 1495 1483 1280 1454 1384 1336 1370 1444 1428 1205 1700 1245 1348 1367 1245 1340 1397 1602 1435 1327 1555 1549 1457 1351 1178 1161 1333 1216 1342 1264 1380 1390 1146 1244 1411 1260 1566 1487 1429 1551 1485 1277 1585 1358
1456 1060 1342 1369 1478 1255 1333 1263 1525 1316 1684 1588 1734 1508 1458 1718 1566 1400 1732 1648 1438 1559 1322 1468 1402 1425 1469 1665 1480 1308 1618 1374 1384 1387 1411 1410 1393 1632 1552 1358 1659 1606 1674 1594 1307 1335 1573 1252 1564 1376 1441 1420 1093 1361 1450 1354 1837 1443 1685 1591 1687 1243 1613 1435
1388 1151 1392 1326 1451 1246 1532 1215 1511 1301 1546 1716 1598 1444 1407 1680 1523 1495 1815 1641 1396 1493 1391 1394 1395 1380 1422 1414 1487 1372 1498 1282 1198 1455 1424 1402 1317 1679 1350 1303 1633 1543 1637 1489 1184 1294 1343 1190 1330 1330 1423 1434 1209 1301 1296 1251 1724 1311 1523 1417 1595 1362 1705 1278
1141 942 1017 972 1002 1066 1112 1038 1172 972 1282 1427 1253 1211 1235 1435 1206 1359 1385 1252 1143 1325 1070 1106 1190 1103 1158 1105 1174 1059 1247 1105 1080 1226 1217 1063 1261 1223 1113 1176 1421 1193 1182 1257 973 989 1276 1027 1224 1096 1198 1127 1037 1071 1087 1038 1246 1038 1266 1163 1416 1026 1331 1183
1039 856 1092 1036 1189 888 1075 947 1191 969 1150 1144 1196 1155 1221 1167 1068 1083 1241 1159 980 1100 948 989 1037 1097 1022 1132 1151 987 1262 1033 1059 1118 1041 1026 1007 1183 1036 1015 1235 1132 1190 1065 830 906 1243 896 1103 902 955 935 895 929 966 1004 1281 959 1081 1099 1193 992 1139 961
1212 1128 1257 1229 1346 1243 1198 1524 1316 1322 1565 1530 1588 1525 1429 1598 1316 1465 1678 1479 1267 1446 1239 1434 1265 1243 1317 1385 1444 1179 1483 1361 1296 1255 1358 1249 1403 1436 1361 1315 1605 1549 1536 1422 1270 1281 1360 1099 1501 1215 1338 1211 984 1126 1334 1150 1575 1364 1345 1421 1577 1318 1574 1321
1156 1155 1373 1288 1474 1081 1289 1249 1344 1279 1519 1580 1429 1533 1214 1722 1314 1393 1687 1395 1263 1359 1136 1125 1277 1255 1134 1350 1287 1075 1386 1135 1220 1339 1278 1343 1328 1385 1225 1237 1520 1339 1495 1232 1023 1167 1171 1099 1281 1140 1183 1290 1021 1126 1298 1119 1491 1237 1329 1300 1402 1199 1596 1226
1026 1083 1265 977 1184 992 1080 1137 1075 1127 1365 1423 1408 1270 1354 1271 1344 1495 1432 1284 1214 1277 1060 1251 1210 1084 1120 1142 1311 1119 1273 1060 1017 1170 1214 1031 1238 1398 1165 1026 1456 1341 1327 1176 934 972 1066 962 1084 1096 1076 1031 964 1077 1184 1077 1302 1094 1416 1281 1452 1162 1570 1176
1221 1117 1104 1195 1302 1076 1192 1229 1262 1196 1363 1459 1342 1348 1344 1449 1174 1408 1490 1365 1255 1416 1249 1189 1215 1205 1241 1292 1185 1064 1354 1318 1203 1313 1241 1245 1270 1313 1181 1174 1525 1372 1294 1226 1072 1161 1387 997 1266 1027 1289 1034 883 1093 1206 1066 1309 1234 1236 1213 1343 1091 1387 1280
1363 1191 1503 1349 1501 1301 1300 1350 1403 1320 1713 1594 1649 1501 1531 1530 1455 1607 1727 1618 1322 1506 1326 1422 1583 1401 1292 1624 1628 1258 1595 1423 1241 1488 1493 1461 1419 1612 1297 1309 1615 1608 1595 1442 1115 1308 1455 1177 1555 1366 1464 1385 1187 1228 1419 1221 1539 1406 1537 1550 1811 1416 1818 1364
1238 1069 1284 1172 1113 1217 1187 1024 1428 1235 1524 1493 1399 1272 1479 1505 1481 1469 1449 1600 1232 1391 1337 1231 1284 1250 1148 1395 1301 1138 1447 1091 1110 1409 1350 1300 1320 1372 1293 1188 1636 1524 1391 1279 1059 1304 1392 1067 1340 1326 1314 1263 1179 1279 1267 1169 1466 1178 1389 1274 1590 1121 1511 1244
1217 1107 1295 1203 1315 1221 1333 1059 1375 1234 1289 1369 1338 1365 1435 1453 1328 1378 1592 1337 1298 1396 1144 1186 1163 1360 1246 1306 1353 1021 1272 1225 1239 1296 1360 1167 1217 1419 1251 1170 1524 1392 1428 1275 1045 1152 1380 1102 1296 969 1245 1105 928 1131 1059 1180 1456 1129 1260 1297 1451 1111 1428 1232
1169 1148 1379 1374 1401 1135 1270 1280 1232 1190 1707 1588 1553 1450 1324 1561 1374 1424 1715 1492 1256 1477 1278 1417 1372 1236 1195 1438 1399 1200 1517 1316 1246 1381 1349 1315 1307 1573 1319 1357 1576 1534 1505 1478 1059 1212 1489 1064 1528 1187 1328 1331 1183 1294 1389 1166 1507 1390 1546 1481 1534 1304 1657 1199
1092 972 1213 1141 1234 1043 1117 1067 1262 1173 1313 1285 1333 1350 1359 1338 1176 1359 1314 1274 1198 1287 1107 1174 1105 1218 1110 1246 1287 943 1319 1159 1192 1209 1227 1209 1241 1310 1214 1054 1316 1286 1260 1212 961 1046 1226 992 1272 1018 1179 1010 916 994 1103 1063 1317 1087 1150 1305 1355 1041 1455 1059
1170 973 1145 1171 1068 1045 1091 949 1168 1051 1456 1351 1349 1181 1282 1309 1229 1330 1503 1210 1143 1359 1165 1231 1245 1202 1207 1274 1164 897 1150 1123 1116 1238 1137 1045 1251 1392 1186 1052 1401 1283 1179 1190 990 1118 1387 996 1279 1050 1201 1173 959 1149 1125 1061 1403 1016 1250 1234 1266 1098 1266 1042
1013 962 1078 1104 1173 782 1072 977 1119 1076 1249 1219 1160 1150 1109 1321 1036 1120 1335 1230 1184 1175 981 1192 1072 1155 1206 1117 1051 871 1125 985 923 1077 1146 1049 1000 1198 1131 923 1228 1155 1104 1097 836 973 1150 835 1129 876 942 967 765 1022 862 1034 1258 1010 1096 1187 1012 954 1163 921
1574 1143 1422 1360 1485 1269 1346 1468 1436 1319 1797 1633 1775 1460 1459 1651 1479 1650 1761 1536 1524 1615 1275 1423 1461 1342 1409 1502 1613 1276 1685 1504 1316 1375 1282 1385 1375 1759 1384 1417 1731 1523 1746 1501 1237 1256 1449 1302 1551 1338 1365 1302 1155 1223 1539 1244 1593 1391 1494 1519 1717 1413 1842 1421
1252 1116 1252 1206 1364 1123 1251 1230 1308 1252 1561 1504 1515 1520 1260 1530 1321 1422 1576 1434 1161 1453 1229 1301 1328 1324 1318 1402 1416 1100 1406 1147 1281 1328 1184 1185 1348 1355 1337 1305 1626 1372 1424 1457 1083 1131 1438 1128 1333 1149 1132 1175 1050 1230 1182 1267 1473 1316 1345 1429 1431 1253 1369 1194
1147 1087 1271 1071 1269 997 1259 1143 1274 1180 1394 1485 1428 1324 1308 1478 1230 1328 1599 1331 1289 1337 950 1248 1341 1274 1163 1251 1240 1072 1375 1082 1106 1258 1313 1163 1342 1585 1231 1125 1386 1220 1408 1304 1029 1094 1210 1016 1305 1132 1190 1295 967 1197 1167 1215 1388 1135 1440 1414 1408 1130 1509 1196
1184 998 1385 1200 1328 1002 1225 1142 1253 1326 1425 1412 1394 1380 1319 1458 1201 1483 1529 1347 1206 1457 1087 1165 1195 1275 1096 1283 1292 980 1395 1176 1184 1199 1196 1107 1299 1452 1266 1191 1432 1299 1372 1211 1118 961 1276 983 1263 1050 1091 1130 1008 1116 1232 1162 1271 1144 1305 1355 1396 1116 1472 1170
1181 1000 1180 1137 1203 1150 1181 1238 1256 1108 1602 1435 1430 1350 1281 1399 1420 1437 1465 1314 1169 1462 1265 1297 1200 1216 1274 1332 1371 1136 1413 1320 1142 1252 1199 1176 1276 1310 1234 1219 1540 1336 1459 1330 1061 1157 1352 1096 1346 1132 1208 1179 1077 1220 1323 1201 1424 1223 1405 1483 1510 1197 1606 1123
1080 1004 1185 1086 1311 1117 1297 997 1247 1145 1231 1495 1423 1222 1197 1364 1267 1222 1578 1313 1139 1281 1106 1104 1219 1120 1087 1193 1250 1135 1249 1160 1089 1259 1123 1242 1131 1327 1062 1117 1361 1244 1266 1173 985 991 1282 955 1245 1057 1238 1184 975 1094 1162 1130 1463 1231 1254 1277 1277 1151 1442 1149
1057 947 1206 1090 1217 981 1010 989 1141 1068 1408 1387 1343 1219 1203 1353 1251 1291 1395 1427 1055 1182 1113 1243 1278 1144 1116 1241 1268 1169 1294 1198 1015 1164 1211 1192 1080 1358 1088 1154 1294 1196 1274 1238 1014 945 1186 879 1320 1053 1109 1195 983 1083 1133 951 1463 1044 1404 1277 1363 1088 1481 991
1356 1251 1389 1318 1416 1164 1273 1429 1400 1286 1548 1539 1425 1513 1503 1632 1448 1670 1681 1474 1380 1579 1266 1409 1401 1348 1378 1489 1508 1297 1655 1532 1316 1381 1467 1330 1309 1530 1309 1236 1586 1518 1530 1512 1151 1207 1458 1217 1396 1170 1332 1279 1058 1251 1284 1229 1455 1392 1468 1421 1600 1316 1645 1295
1322 1060 1475 1384 1489 1340 1324 1246 1459 1358 1616 1571 1616 1459 1477 1593 1531 1555 1705 1650 1287 1471 1295 1414 1338 1390 1184 1466 1504 1208 1558 1343 1426 1453 1397 1419 1422 1607 1497 1351 1547 1645 1588 1447 1219 1237 1346 1095 1474 1364 1399 1402 1189 1212 1472 1232 1720 1375 1562 1489 1678 1245 1698 1387
1033 958 1076 1200 1063 1049 1081 1075 1219 1199 1390 1400 1333 1204 1352 1407 1204 1339 1481 1260 1121 1369 1105 1215 1147 1253 1197 1243 1173 1016 1329 1132 1152 1294 1182 1035 1238 1336 1289 1130 1379 1354 1169 1203 1075 1113 1261 948 1339 1018 1102 1126 962 972 1135 1092 1404 1045 1314 1201 1236 1166 1306 1155
1212 959 1286 1223 1119 1046 1214 1101 1144 1195 1469 1422 1404 1351 1337 1407 1237 1328 1607 1193 1156 1377 981 1146 1214 1145 1096 1335 1339 1044 1362 1252 1197 1264 1187 1251 1232 1460 1186 1204 1429 1201 1336 1286 1031 1082 1155 908 1335 938 1136 1160 985 1039 1260 1069 1455 1071 1344 1169 1349 1162 1432 1218
1166 1096 1354 1270 1249 1143 1263 1162 1414 1249 1552 1480 1525 1337 1379 1522 1343 1410 1692 1412 1221 1434 1224 1351 1486 1323 1224 1372 1356 1068 1303 1160 1245 1447 1312 1250 1426 1509 1303 1215 1536 1488 1292 1392 1087 1080 1244 921 1414 1329 1261 1303 1167 1296 1338 1121 1616 1293 1445 1430 1481 1207 1587 1212
1410 1204 1358 1262 1399 1218 1296 1230 1485 1238 1638 1621 1570 1492 1440 1699 1400 1397 1704 1576 1302 1496 1281 1332 1358 1405 1324 1391 1369 1269 1525 1322 1218 1393 1432 1401 1315 1522 1241 1261 1550 1518 1550 1539 1088 1260 1384 1130 1414 1230 1360 1377 1106 1300 1243 1202 1568 1288 1537 1496 1640 1239 1685 1256
1309 1156 1398 1339 1436 1140 1367 1307 1424 1271 1638 1629 1551 1485 1396 1760 1468 1440 1740 1581 1495 1593 1249 1422 1355 1498 1416 1389 1436 1260 1442 1335 1320 1383 1503 1379 1410 1528 1374 1299 1625 1491 1572 1414 1141 1278 1450 1150 1475 1270 1356 1202 1058 1272 1336 1177 1538 1303 1504 1514 1618 1250 1688 1290
1228 1025 1263 1239 1346 1150 1241 1189 1316 1130 1530 1534 1629 1334 1355 1497 1351 1334 1661 1428 1207 1427 1197 1313 1265 1220 1297 1334 1385 1117 1361 1240 1124 1262 1297 1296 1432 1554 1258 1195 1556 1417 1403 1234 1084 1199 1385 1080 1452 1221 1213 1183 976 1180 1336 1144 1508 1285 1379 1404 1466 1259 1593 1250
1062 882 1203 1075 1167 1120 1002 1063 1185 1082 1271 1315 1275 1213 1263 1427 1255 1174 1504 1238 1041 1271 890 1136 1083 1161 1006 1105 1224 924 1100 1085 1126 1068 1260 1112 1145 1299 1117 992 1243 1324 1305 1254 962 1010 1165 910 1220 1009 1199 1057 851 1105 1131 1024 1375 915 1288 1181 1444 965 1510 1130
1094 1045 1276 1219 1306 1100 1209 1203 1170 1203 1500 1428 1483 1341 1309 1510 1313 1311 1607 1249 1185 1190 1109 1207 1317 1267 1084 1313 1305 1013 1278 1183 1145 1267 1201 1215 1267 1385 1243 1128 1491 1394 1328 1073 997 1107 1322 1085 1353 1054 1186 1162 822 1132 1298 1122 1436 1242 1304 1299 1415 1198 1567 1263
1054 818 1023 1129 1190 982 1049 1043 1202 1108 1278 1312 1194 1212 1073 1357 1141 1208 1346 1373 1146 1197 1034 1187 1061 1204 1185 1132 1208 1060 1214 1136 1068 1181 1141 1053 1002 1141 1188 1079 1207 1229 1166 1197 933 1019 1077 906 1128 1102 1180 1075 931 1046 1060 959 1275 1057 1151 1100 1163 1044 1317 987
1151 1041 1216 1191 1282 1006 1088 989 1235 1134 1396 1376 1302 1369 1264 1368 1181 1256 1585 1224 1161 1385 1104 1088 1086 1276 1137 1168 1239 941 1091 1120 1194 1256 1277 1005 1178 1326 1249 1116 1406 1280 1305 1172 1009 1067 1204 952 1201 982 1081 975 863 1130 1175 1143 1438 978 1233 1136 1353 1070 1311 1078
1157 973 1171 1146 1387 1096 1117 1212 1295 996 1463 1444 1377 1330 1329 1482 1273 1216 1553 1513 1277 1373 1093 1310 1324 1237 1157 1302 1238 1128 1397 1197 1155 1243 1343 1352 1176 1431 1147 1176 1345 1406 1385 1423 980 1267 1289 999 1430 1295 1352 1265 1079 1194 1280 1067 1489 1167 1385 1261 1517 1115 1645 1266
1134 965 1177 1008 1228 885 1097 956 1047 1090 1317 1356 1245 1155 1128 1302 1086 1346 1435 1312 1156 1266 1077 1112 1121 1043 1067 1156 1107 904 1180 951 961 1071 1137 1063 1021 1276 1138 977 1269 1251 1228 1057 867 962 1182 970 1103 995 1086 1044 824 989 999 1047 1213 1065 1177 1265 1282 1007 1280 980
1130 1076 1217 1195 1284 1019 1144 1280 1290 1167 1392 1306 1402 1361 1377 1492 1218 1262 1648 1379 1110 1454 1139 1381 1309 1344 1294 1448 1316 1147 1389 1152 1207 1312 1264 1125 1306 1395 1211 1088 1492 1427 1251 1308 1072 1131 1384 989 1276 1005 1146 1141 912 1141 1192 1163 1430 1216 1493 1283 1379 1163 1381 1139
1205 1040 1268 1209 1189 1139 1105 1077 1294 1245 1578 1426 1475 1272 1351 1499 1413 1393 1530 1386 1192 1362 1246 1230 1409 1266 1179 1308 1379 1101 1453 1168 1166 1306 1262 1231 1352 1463 1262 1220 1533 1424 1238 1292 991 1092 1238 1028 1420 1262 1204 1228 1074 1190 1272 1102 1508 1245 1393 1385 1475 1173 1547 1198
1224 969 1161 1277 1347 1071 1119 1178 1333 1108 1450 1377 1434 1378 1328 1458 1171 1230 1535 1329 1236 1360 1099 1240 1228 1307 1176 1258 1239 978 1352 1233 1196 1232 1195 1248 1142 1373 1266 1203 1396 1291 1318 1333 1026 1137 1290 989 1348 1087 1198 1170 991 1165 1189 1037 1434 1131 1300 1346 1363 1063 1552 1118
1133 1019 1330 1148 1250 1049 1143 1219 1274 1259 1450 1418 1450 1304 1428 1438 1331 1414 1654 1415 1272 1531 1129 1381 1278 1278 1295 1364 1331 1115 1440 1349 1114 1309 1298 1173 1305 1433 1268 1132 1467 1508 1375 1362 1124 1140 1431 1081 1408 1117 1178 1154 948 1175 1281 1207 1434 1271 1370 1347 1429 1244 1559 1283
1211 1171 1302 1237 1383 1118 1132 1308 1375 1167 1347 1622 1419 1445 1500 1512 1404 1540 1618 1525 1263 1429 1230 1376 1346 1235 1341 1403 1473 1178 1411 1333 1241 1321 1276 1261 1336 1499 1296 1258 1625 1475 1512 1419 1136 1212 1305 1042 1292 1284 1324 1162 1066 1054 1198 1242 1580 1142 1429 1326 1588 1201 1541 1295
1252 998 1357 1122 1261 1092 1174 1053 1358 1127 1406 1355 1479 1291 1468 1479 1363 1299 1500 1499 1264 1336 1168 1321 1289 1292 1166 1441 1404 1077 1461 1213 1107 1292 1259 1378 1355 1500 1249 1043 1427 1466 1355 1256 1023 1156 1336 1042 1411 1218 1259 1205 1075 1193 1157 1174 1479 1343 1361 1423 1619 1085 1473 1261
1211 1197 1487 1308 1387 1162 1244 1102 1435 1298 1486 1615 1577 1372 1500 1473 1471 1491 1734 1506 1260 1599 1277 1431 1453 1352 1216 1330 1453 1135 1404 1293 1264 1405 1397 1325 1376 1574 1241 1278 1561 1505 1404 1495 1195 1139 1335 989 1360 1271 1341 1350 1193 1207 1285 1247 1674 1209 1510 1498 1593 1289 1640 1233
1113 908 1041 1118 1139 1032 910 1028 1126 1164 1374 1294 1366 1163 1103 1317 1190 1291 1525 1252 1072 1272 1185 1196 1300 1180 1194 1212 1204 1023 1274 1041 1041 1140 1119 1074 1180 1244 1165 1143 1379 1395 1220 1245 1043 1045 1227 949 1314 1117 1169 1029 926 1087 1148 1000 1309 1190 1227 1233 1285 1036 1329 1018
1268 1068 1399 1259 1346 1037 1286 1131 1367 1174 1496 1471 1583 1355 1367 1489 1361 1306 1777 1553 1165 1386 1187 1313 1348 1315 1211 1313 1427 1218 1301 1180 1157 1330 1203 1284 1325 1442 1163 1067 1508 1420 1280 1248 1063 1111 1317 1009 1235 1180 1184 1253 1007 1159 1259 1133 1513 1255 1433 1342 1412 1254 1524 1195
1133 941 1158 1051 1247 1036 1092 1157 1185 1117 1379 1382 1387 1280 1338 1375 1262 1341 1510 1316 1224 1309 1176 1136 1344 1258 1098 1303 1252 1109 1352 1176 1055 1295 1236 1174 1263 1348 1099 961 1420 1319 1176 1134 1010 1105 1247 1015 1233 1163 1128 1177 948 1174 1353 1049 1369 1076 1345 1226 1473 1201 1609 1112
1279 1151 1355 1318 1337 1187 1334 1223 1434 1209 1600 1549 1532 1437 1403 1630 1440 1456 1688 1494 1194 1433 1240 1384 1348 1279 1366 1484 1534 1198 1476 1268 1274 1379 1396 1394 1344 1547 1347 1368 1540 1463 1549 1393 1152 1332 1287 1229 1352 1173 1359 1416 1102 1193 1183 1169 1529 1369 1504 1394 1550 1221 1592 1260
1319 1072 1334 1313 1394 1199 1228 1256 1389 1300 1593 1448 1611 1414 1434 1587 1412 1460 1734 1405 1298 1531 1240 1412 1302 1285 1245 1488 1479 1122 1513 1301 1246 1287 1255 1344 1319 1562 1313 1240 1574 1523 1467 1321 1184 1241 1331 1059 1388 1189 1434 1294 1051 1168 1403 1109 1598 1370 1403 1463 1599 1238 1611 1300
1260 1086 1383 1186 1367 1141 1180 1233 1339 1224 1569 1478 1542 1491 1473 1549 1427 1421 1703 1477 1242 1502 1089 1432 1239 1353 1355 1380 1444 1195 1506 1306 1153 1177 1369 1366 1275 1471 1294 1119 1484 1427 1442 1367 1108 1209 1432 1134 1408 1046 1149 1268 955 1243 1196 1216 1447 1247 1535 1428 1463 1142 1640 1243
1095 1017 1191 1102 1224 992 1097 1083 1185 1275 1384 1379 1338 1206 1194 1368 1119 1279 1512 1353 1222 1438 1090 1187 1223 1148 1147 1269 1278 1021 1282 1050 1144 1250 1175 1025 1176 1343 1132 1044 1317 1296 1198 1186 989 1046 1221 1017 1197 1016 1147 1135 934 945 1166 1061 1427 1061 1208 1275 1260 1187 1411 1080
1074 1007 1096 1119 1142 1102 1118 1216 1291 1226 1508 1378 1379 1275 1295 1352 1158 1313 1425 1387 1129 1341 1143 1154 1238 1103 1096 1387 1208 1132 1384 1098 1123 1279 1128 1132 1180 1266 1184 1133 1413 1322 1273 1153 1058 1136 1167 971 1253 1157 1193 1157 930 1086 1283 1056 1331 1296 1323 1300 1391 1172 1434 1274
1170 1036 1199 1109 1329 1107 1254 1089 1307 1232 1445 1452 1374 1277 1332 1343 1288 1301 1557 1448 1268 1481 1175 1244 1240 1306 1328 1339 1252 1074 1333 1153 1086 1273 1252 1151 1101 1322 1295 1148 1366 1325 1371 1208 1074 1204 1314 1064 1321 1087 1248 1228 1011 1132 1106 1152 1514 1151 1288 1317 1322 1234 1479 1097
1094 940 1231 1176 1188 1025 1144 1134 1181 1214 1438 1323 1290 1274 1253 1590 1293 1338 1474 1319 1253 1294 1095 1236 1189 1264 1150 1284 1287 989 1319 1140 1208 1259 1229 1080 1217 1294 1240 1188 1358 1268 1246 1187 1024 1178 1074 994 1254 1171 1322 1293 1047 1090 1164 1078 1380 1203 1204 1320 1419 1161 1440 1114
1265 1053 1331 1334 1357 1174 1337 1141 1416 1300 1568 1679 1545 1461 1420 1615 1405 1463 1715 1516 1344 1518 1409 1289 1387 1338 1267 1446 1274 1177 1542 1253 1316 1508 1330 1396 1431 1494 1389 1366 1620 1556 1448 1423 1120 1313 1388 1080 1488 1333 1411 1354 1192 1293 1438 1349 1583 1351 1482 1435 1529 1171 1634 1332
1099 876 967 998 991 1039 1118 967 1164 1101 1392 1293 1170 1056 1056 1306 1159 1291 1294 1225 981 1312 1132 1029 1193 1088 1201 1267 1204 1108 1242 1167 1060 1221 1003 1057 1047 1221 1069 1177 1302 1228 1340 1277 1018 1078 1195 1053 1130 993 1175 1064 883 1016 1114 993 1274 1120 1243 1191 1278 1074 1253 1141
1191 1118 1273 1138 1390 1137 1412 1264 1318 1311 1484 1401 1472 1310 1360 1536 1315 1342 1659 1414 1274 1540 1154 1309 1214 1255 1350 1341 1380 1187 1344 1202 1194 1308 1304 1200 1304 1460 1259 1238 1521 1322 1417 1326 1150 1175 1296 1069 1362 1008 1292 1228 939 1174 1172 1100 1511 1261 1375 1462 1409 1267 1483 1233
1392 1134 1265 1295 1360 1252 1411 1233 1448 1333 1619 1587 1475 1444 1420 1645 1433 1507 1751 1567 1287 1557 1406 1388 1439 1366 1481 1471 1336 1269 1483 1335 1200 1359 1355 1339 1402 1483 1212 1248 1593 1484 1470 1452 1057 1271 1415 1071 1450 1218 1501 1337 1160 1296 1253 1345 1626 1368 1448 1511 1522 1232 1620 1318
1419 1049 1336 1374 1327 1303 1383 1121 1419 1308 1609 1597 1478 1419 1429 1637 1424 1483 1709 1458 1217 1572 1352 1187 1367 1434 1402 1473 1344 1241 1440 1305 1361 1358 1332 1129 1326 1523 1335 1289 1572 1411 1466 1405 1116 1152 1364 1138 1353 1187 1409 1351 1205 1275 1363 1323 1689 1162 1473 1366 1574 1239 1590 1240
1396 1197 1550 1324 1413 1298 1515 1310 1543 1341 1701 1659 1639 1570 1560 1652 1475 1607 1933 1629 1307 1678 1428 1376 1509 1487 1416 1496 1563 1180 1479 1304 1465 1473 1470 1306 1495 1584 1485 1461 1678 1639 1601 1502 1235 1294 1442 1321 1475 1302 1546 1418 1268 1289 1339 1392 1732 1339 1523 1637 1801 1307 1786 1253
1176 962 1092 1178 1262 985 1214 1123 1318 996 1287 1363 1406 1316 1242 1473 1206 1185 1458 1263 1179 1288 1116 1221 1139 1268 1291 1132 1305 1054 1289 1211 1064 1193 1251 1142 1144 1256 1233 1117 1423 1180 1323 1169 975 995 1223 1060 1248 987 1062 1068 944 1043 1034 1026 1389 1155 1189 1202 1311 1120 1415 1023
