16 10 19 19 18 13 15 19 17 12 22 18 16 12 13 21 12 18 18 16 15 16 15 17 15 13 15 15 20 12 18 20 18 15 19 12 14 19 18 16 7 18 23 12 17 14 17 15 13 15 15 13 16 16 19 17 16 14 18 22 16 16 16 19
16 14 18 15 17 21 16 18 17 18 15 18 15 15 17 19 15 21 13 14 14 16 12 20 17 15 21 19 24 13 20 20 22 16 17 16 18 15 19 14 11 21 23 16 20 16 18 16 19 17 15 12 20 13 19 19 17 17 18 22 19 17 17 20
14 10 11 10 15 12 11 16 13 8 14 11 16 11 14 11 14 18 12 17 12 14 16 14 16 14 17 16 15 10 14 12 15 17 16 12 17 14 16 13 9 17 17 11 11 15 15 14 13 15 12 15 12 13 14 16 14 15 14 19 17 15 11 11
9 10 12 9 16 17 11 11 17 12 12 15 12 9 15 14 10 14 10 11 11 13 11 13 12 15 15 15 16 11 12 11 17 13 10 12 12 11 15 11 8 13 16 11 10 16 13 14 13 12 8 12 13 12 13 11 15 12 8 16 12 13 13 10
18 17 19 15 16 21 16 18 19 18 16 15 18 12 22 17 15 21 17 16 17 17 18 19 19 18 20 18 21 15 20 16 22 17 18 15 20 12 19 18 13 26 21 16 20 18 15 18 16 15 15 11 20 17 22 20 16 22 17 23 17 18 14 22
16 14 16 14 13 15 15 18 17 14 15 16 14 17 15 16 16 15 15 15 19 16 14 14 17 11 17 18 22 13 16 17 19 13 14 13 11 15 18 16 12 17 19 17 20 17 18 15 14 13 13 13 20 14 17 16 14 17 14 22 19 15 14 18
13 11 17 13 15 17 14 16 18 18 13 16 15 15 18 15 14 19 13 15 18 18 15 20 19 16 21 18 18 17 17 16 21 17 14 15 14 13 15 11 11 16 21 15 18 19 16 19 13 18 16 15 18 16 21 17 13 15 15 18 15 17 15 15
16 9 19 16 16 16 15 13 16 15 16 14 17 12 18 17 14 19 17 15 17 16 16 18 16 16 16 14 15 14 17 13 19 17 18 14 15 10 20 14 8 19 19 15 21 17 14 16 12 15 14 11 19 18 18 20 18 17 15 17 15 19 14 15
17 13 12 10 15 15 13 12 15 12 14 16 15 13 14 18 14 14 15 15 12 13 12 14 13 15 15 17 19 12 14 12 18 11 17 10 13 11 19 13 11 14 17 10 13 14 16 15 11 14 14 15 13 16 14 17 16 14 13 15 15 13 11 13
15 12 12 12 13 18 13 15 15 10 10 16 13 12 15 15 11 15 14 10 13 14 15 15 15 15 14 17 17 12 15 16 17 15 12 12 16 14 17 13 8 14 20 15 16 14 14 14 13 16 13 13 12 12 18 15 15 16 15 18 16 12 11 12
15 10 15 17 12 13 13 12 16 13 15 12 17 10 16 11 9 14 11 13 12 14 13 16 17 12 15 15 13 15 17 12 18 14 15 9 15 11 13 15 12 17 16 15 18 13 13 15 15 12 12 12 15 15 20 16 17 17 12 15 11 16 10 11
12 11 11 14 16 12 11 14 11 14 10 14 11 14 18 12 12 13 13 9 14 18 10 16 13 12 12 13 19 9 10 11 19 16 14 10 9 9 16 10 9 15 16 12 15 15 10 11 11 12 12 12 12 13 15 17 13 15 15 12 12 14 12 15
17 14 13 14 19 15 15 18 19 13 20 19 22 16 17 20 16 22 14 14 16 18 14 20 18 15 23 21 23 17 19 17 21 18 16 18 21 15 20 15 15 22 24 16 21 17 24 22 17 18 18 14 23 14 20 20 17 17 20 22 21 18 14 18
17 12 14 14 14 15 11 13 15 16 16 12 16 9 14 18 14 18 12 12 11 17 14 18 19 14 18 19 17 13 16 16 19 19 14 14 16 13 13 15 9 20 18 13 17 13 15 18 15 13 13 9 14 16 18 16 12 14 15 20 15 9 13 14
16 14 16 14 18 17 15 18 17 12 19 12 18 13 14 17 17 22 10 17 14 20 14 20 16 18 21 16 19 14 18 18 19 15 18 13 16 17 19 17 10 20 22 17 16 17 19 19 20 15 12 12 12 19 20 20 16 18 18 20 18 17 13 15
13 12 17 14 21 18 17 20 19 17 21 16 18 14 19 14 17 24 16 20 16 19 19 22 20 15 24 22 21 14 18 20 23 22 18 16 17 20 20 19 13 20 24 19 18 21 19 20 18 18 18 18 20 18 20 20 14 16 18 23 23 19 21 15
15 13 16 12 17 18 14 19 15 9 15 16 17 12 16 18 14 15 14 12 15 14 16 19 14 15 18 16 18 13 17 18 19 14 13 16 12 14 19 17 10 16 20 18 15 15 17 13 15 15 14 12 17 14 19 12 14 14 12 22 18 17 13 16
16 7 14 14 16 15 13 14 15 13 16 14 19 12 15 15 15 18 16 9 17 16 17 18 16 19 17 18 17 16 19 16 22 19 17 11 15 13 16 13 10 19 19 15 16 16 13 17 14 19 14 10 18 13 15 18 16 16 14 18 17 17 11 14
20 21 20 17 21 23 20 21 18 15 21 19 19 14 19 23 16 22 19 20 18 18 15 21 18 18 20 21 25 14 15 21 20 19 16 18 15 17 23 20 13 21 23 17 19 16 21 18 19 18 17 21 17 21 21 20 19 17 19 24 20 16 16 18
15 15 20 13 21 19 16 17 19 15 18 19 17 15 21 18 13 21 15 13 15 22 17 20 18 16 19 18 21 14 15 17 26 12 16 12 15 15 19 18 13 20 24 20 14 20 18 21 20 11 16 16 17 18 21 19 15 20 16 21 18 16 18 18
15 13 10 13 19 19 14 17 18 13 14 10 15 9 16 15 13 20 9 13 9 18 13 21 16 17 19 20 21 14 15 20 18 17 15 17 14 15 16 13 10 25 21 19 14 16 15 16 19 14 17 12 16 16 21 17 15 20 15 20 13 15 13 17
17 11 17 16 19 16 14 15 15 15 19 14 16 13 16 20 11 18 17 16 16 21 13 21 15 19 19 18 19 15 14 17 17 16 19 16 15 15 20 14 10 19 24 16 18 17 17 17 13 16 16 15 18 20 21 18 17 16 16 19 17 15 13 16
14 9 9 12 14 17 13 14 14 11 13 13 14 11 14 13 10 13 12 12 14 12 13 16 15 14 16 14 19 15 19 13 16 15 16 9 14 15 14 11 9 18 16 12 15 11 12 12 16 14 13 11 14 13 18 15 12 17 14 16 16 13 11 12
17 9 18 16 17 14 17 17 18 15 19 15 20 16 16 15 14 18 15 12 18 20 18 21 14 18 21 16 18 14 17 17 22 15 19 15 15 16 20 16 11 19 25 21 19 21 18 17 14 14 16 13 16 18 21 20 14 22 21 19 19 20 15 20
14 12 17 16 19 18 15 19 22 14 18 15 18 17 14 17 12 22 17 14 16 19 18 19 17 18 17 18 21 13 15 20 23 18 16 13 19 13 21 19 12 18 20 15 23 15 15 17 16 16 15 11 19 17 15 18 16 16 20 21 18 16 14 15
19 13 14 12 15 14 13 13 11 10 13 9 14 10 13 14 12 18 10 15 11 16 14 17 13 16 16 18 15 13 15 14 15 16 12 14 12 12 17 11 11 20 15 12 17 15 14 14 16 15 12 10 13 17 20 15 10 15 14 19 14 11 10 11
15 14 18 17 20 21 19 19 17 14 18 17 18 13 19 18 12 18 17 19 19 19 18 21 16 16 20 19 22 14 18 18 19 20 17 17 18 17 22 16 12 21 20 20 18 19 21 15 15 17 17 16 17 19 22 20 15 17 20 20 18 16 15 20
18 14 20 17 19 22 19 19 17 17 17 16 17 9 17 20 16 24 16 17 15 18 16 21 18 17 20 20 18 16 20 20 25 17 20 14 16 14 23 17 7 22 22 17 20 18 18 19 16 13 15 13 20 17 22 20 18 19 18 21 20 19 15 18
12 12 15 12 17 16 12 17 18 14 12 13 13 11 19 11 11 14 11 10 10 14 13 16 14 14 19 15 19 10 12 14 17 16 15 16 16 12 17 16 8 17 22 16 17 17 13 11 11 16 15 14 13 14 19 13 13 17 16 19 10 13 12 19
16 9 19 14 13 17 12 12 14 11 12 12 13 10 14 14 9 13 16 13 15 14 16 15 17 11 15 17 14 11 14 14 14 13 12 8 13 13 14 14 9 14 14 14 14 15 12 12 14 14 11 12 11 13 16 12 13 12 14 19 13 10 9 16
15 12 19 14 19 17 13 21 19 14 13 13 16 12 18 17 11 16 18 17 14 18 15 17 19 16 17 16 24 16 14 20 18 19 19 14 16 13 20 18 13 20 22 15 17 18 15 15 13 16 16 15 15 18 17 14 15 17 19 22 15 16 14 17
17 13 18 16 20 20 15 20 20 17 18 17 16 18 18 20 17 21 17 19 20 21 16 25 18 17 23 15 25 11 21 20 21 15 20 16 15 19 20 18 9 24 25 16 19 20 18 17 17 16 15 14 19 19 19 22 16 18 21 24 20 17 16 24
18 12 19 22 16 18 12 18 18 15 20 15 20 17 14 20 13 17 14 16 16 19 16 18 18 18 21 16 23 17 22 17 19 17 17 13 17 21 21 21 13 19 23 16 19 18 20 17 17 17 14 14 19 19 21 16 17 19 17 23 18 19 12 17
14 9 13 13 21 15 13 16 17 14 19 10 18 11 16 14 15 19 12 15 13 18 12 18 20 17 18 14 22 15 15 16 18 17 22 12 14 13 17 17 11 22 21 13 14 14 14 15 16 14 15 14 14 16 18 19 12 16 15 19 16 18 15 13
14 13 16 13 19 17 12 17 14 14 13 13 13 15 18 16 13 20 13 13 14 17 11 26 14 18 19 13 23 11 17 16 18 13 16 14 13 15 19 15 10 18 21 15 18 15 14 14 19 14 15 14 15 17 17 15 17 18 19 18 17 17 14 18
23 15 17 22 18 20 19 18 18 19 18 19 19 12 21 20 17 16 21 18 18 20 17 22 23 20 20 20 20 21 17 17 27 18 22 14 16 15 23 18 13 19 22 20 19 22 15 20 17 17 22 18 19 20 25 21 21 20 15 24 20 22 16 18
13 7 14 12 16 15 11 15 15 13 17 11 17 12 18 16 11 15 13 13 14 15 15 18 16 14 18 13 17 13 15 12 14 17 16 13 15 14 13 15 9 18 20 11 13 13 14 13 16 16 13 15 14 13 15 15 15 15 15 14 14 12 10 13
14 10 13 18 17 16 16 20 16 18 19 14 15 15 17 16 15 16 15 15 18 19 15 18 17 14 15 16 20 11 14 17 22 14 16 12 13 18 21 16 9 17 20 18 16 20 16 17 16 14 15 14 18 19 19 21 14 16 15 20 21 17 15 18
10 8 11 8 16 15 9 14 17 12 14 12 11 11 12 14 9 15 13 14 13 15 14 15 12 15 15 16 16 5 10 14 16 11 13 10 13 11 13 10 4 14 17 11 10 14 10 13 12 12 11 11 11 13 14 17 14 13 12 14 14 11 13 12
19 14 18 18 22 21 17 18 20 18 17 18 17 15 22 18 19 19 16 17 17 21 15 24 19 20 23 20 22 17 17 17 20 19 21 19 14 20 22 19 13 22 25 17 19 20 16 14 15 16 16 19 17 20 23 19 16 20 19 22 18 19 16 21
10 10 13 10 17 13 8 15 17 13 11 15 14 13 12 13 13 18 13 9 13 17 14 14 16 12 13 17 14 10 12 17 21 14 14 10 11 7 11 13 8 17 20 12 16 14 10 13 10 13 12 8 15 12 15 14 10 16 14 14 14 14 13 12
13 14 13 12 18 16 14 18 19 14 16 17 18 12 16 16 14 16 13 12 19 17 13 18 16 15 17 16 24 13 15 15 20 16 16 15 15 12 20 18 11 18 19 17 16 17 20 17 15 14 14 12 18 14 16 14 14 14 13 21 14 15 13 18
15 11 12 11 13 13 12 12 11 11 14 14 12 11 12 16 11 17 12 11 11 12 11 15 13 13 15 15 15 10 17 11 17 13 12 14 11 11 16 11 9 17 16 10 18 11 17 16 11 12 11 11 16 12 19 12 11 15 17 18 15 14 9 13
16 8 20 17 16 17 13 17 14 14 17 14 15 15 16 18 10 14 16 15 17 18 16 19 16 19 19 16 21 14 16 16 18 19 15 15 14 18 21 16 9 15 20 17 19 17 17 14 12 17 14 15 16 16 16 18 19 14 18 17 16 18 15 17
13 10 16 15 17 19 13 18 18 10 14 17 17 10 17 16 13 17 13 14 17 15 18 17 17 15 19 17 17 11 20 15 16 19 17 16 16 17 19 15 6 20 20 14 17 16 14 15 12 18 14 9 17 14 17 13 15 14 12 20 13 16 11 20
19 13 18 16 16 19 17 22 16 16 21 16 18 13 23 21 15 15 17 16 17 18 15 21 19 18 24 16 23 14 19 16 22 17 19 18 19 18 22 19 11 20 22 19 20 18 20 19 18 16 16 17 18 16 22 21 23 19 20 20 17 17 16 22
17 14 16 17 22 16 15 19 20 15 18 17 20 14 16 18 18 22 15 15 15 20 17 20 17 18 18 19 21 13 17 19 23 21 20 15 18 15 19 17 9 24 24 16 18 18 17 17 16 17 17 14 19 17 16 20 18 18 19 23 18 17 14 20
17 9 14 12 14 16 7 14 14 16 12 8 10 13 15 20 11 16 15 14 10 15 14 19 16 13 17 16 17 11 13 16 14 16 16 13 12 12 16 15 10 20 18 14 15 15 10 13 16 13 15 12 16 12 16 14 14 17 17 19 13 17 13 11
13 10 15 14 16 14 15 15 14 11 15 12 14 12 17 15 12 18 16 13 12 18 15 18 15 11 13 15 19 11 15 15 18 17 18 7 12 12 18 15 9 18 17 15 14 15 14 10 13 10 15 12 14 13 15 17 15 16 16 15 13 18 13 15
16 12 14 12 19 18 15 22 17 11 17 18 16 16 16 20 14 18 16 14 16 20 17 20 16 19 21 17 22 13 14 17 19 18 16 16 15 17 21 13 11 21 23 15 17 16 16 16 14 18 18 16 19 17 18 21 16 20 20 21 20 19 14 17
11 8 11 9 14 14 9 10 12 8 8 14 12 7 8 10 9 13 14 9 13 14 14 11 10 12 12 13 11 9 13 12 12 14 9 11 11 10 12 9 6 13 14 10 16 11 9 11 9 11 5 8 11 10 14 13 10 12 13 12 13 11 9 9
16 12 16 15 17 21 15 17 17 13 19 13 17 17 17 18 15 21 15 15 17 18 16 22 18 20 21 20 18 16 15 18 23 13 13 16 14 17 20 16 12 17 22 20 19 19 18 18 18 19 15 17 15 19 20 21 18 17 19 18 18 15 14 15
17 15 15 20 19 21 17 22 16 15 17 15 17 12 18 18 15 21 15 16 16 20 15 23 20 19 17 17 22 18 18 21 24 17 20 15 21 18 22 15 11 24 22 17 18 15 16 15 17 15 17 15 19 19 22 21 17 18 19 25 21 18 12 19
17 10 14 10 14 18 10 15 15 14 10 12 18 11 15 14 13 13 16 13 15 17 16 18 16 18 18 17 18 11 15 13 17 19 14 13 16 12 15 12 14 21 15 14 14 15 12 15 12 16 11 13 14 17 16 18 17 19 16 17 14 16 12 14
25 15 20 20 20 22 23 21 18 17 23 19 25 18 21 21 20 20 20 15 23 20 18 24 22 24 23 20 24 20 19 20 29 20 22 21 17 18 25 21 16 25 26 21 23 20 20 19 19 22 22 21 23 19 23 23 22 22 20 25 25 23 18 22
14 12 10 12 13 16 14 14 16 10 15 16 13 12 14 16 10 13 11 11 12 14 11 19 13 16 19 14 18 11 13 14 15 12 12 14 19 13 16 11 11 15 17 11 15 10 13 14 13 15 14 14 17 14 16 18 15 12 14 17 18 11 10 15
12 13 8 13 15 15 10 13 17 10 11 14 17 11 14 12 12 17 11 8 10 14 12 15 15 13 12 14 17 13 16 15 18 12 14 13 14 12 14 13 10 18 20 13 15 14 14 14 14 13 11 12 13 12 17 10 10 14 12 19 12 13 7 14
18 15 17 17 21 18 15 21 19 15 19 19 19 20 19 17 15 19 17 18 20 21 16 18 19 22 20 21 25 18 19 20 25 19 17 18 18 17 24 18 14 20 22 17 21 19 20 15 17 16 16 17 19 16 22 22 17 20 21 22 23 22 19 17
21 11 16 17 21 17 13 22 21 15 19 17 23 18 20 19 15 17 21 16 21 21 23 21 19 23 21 20 25 16 16 18 24 23 20 16 21 17 22 21 13 21 26 17 20 21 17 17 14 22 19 18 17 21 19 21 20 21 21 20 20 17 15 15
17 12 14 13 18 16 12 17 16 13 17 14 19 13 18 12 15 15 14 14 17 17 14 15 18 16 18 17 22 12 14 13 18 16 14 16 15 17 21 19 14 23 19 16 14 17 17 17 14 17 13 15 17 16 18 18 13 15 13 23 18 17 17 20
14 14 19 17 19 18 14 18 19 14 13 16 15 14 19 17 12 17 11 15 17 20 14 18 20 14 17 17 23 14 18 16 19 18 16 12 14 16 19 16 9 18 21 16 18 17 15 18 19 15 17 14 13 15 19 17 14 15 16 20 17 16 13 18
20 11 15 18 16 20 13 14 21 17 16 14 18 14 14 18 17 19 17 14 17 22 17 21 19 17 23 21 22 10 17 14 23 17 19 11 17 16 20 17 9 19 19 19 18 20 16 20 18 14 16 16 15 16 22 21 15 19 19 21 19 15 15 20
14 12 16 16 18 17 12 18 20 17 16 16 19 16 16 13 17 19 15 14 21 20 17 16 21 16 20 17 19 15 20 15 21 19 18 9 20 16 17 18 12 21 19 13 20 17 13 18 16 17 11 10 19 17 18 18 15 18 17 20 19 18 11 17
18 14 16 14 18 24 19 17 20 10 17 16 19 12 18 17 13 20 16 15 16 19 15 20 21 19 20 21 22 17 15 22 20 19 15 17 13 15 18 18 12 24 20 20 14 17 19 18 18 16 16 17 17 18 21 18 19 20 15 22 14 15 15 17
