17 24 14 15 16 15 15 18 15 20 14 21 13 17 14 24 17 20 20 15 19 16 19 18 18 15 14 17 19 16 20 15 16 17 17 15 24 17 23 20 23 15 14 14 16 15 9 17 17 18 22 18 16 15 23 15 24 18 23 19 13 17 15 21
17 22 14 13 13 13 17 15 18 20 16 17 17 14 16 19 18 17 14 18 22 19 23 19 22 13 18 21 20 20 17 14 15 15 19 16 16 18 22 18 24 17 13 16 14 14 14 17 21 20 20 18 19 19 20 22 23 22 24 18 16 20 16 23
12 16 14 11 12 16 14 17 18 15 12 11 17 14 12 21 22 18 16 15 17 15 18 16 18 10 10 18 20 15 16 9 14 10 13 10 17 15 18 15 18 14 11 11 12 11 9 16 14 14 17 11 14 16 17 17 17 19 23 17 15 16 15 19
14 24 12 15 19 18 13 18 19 21 19 17 19 17 16 24 20 22 18 20 24 20 24 18 19 13 18 22 24 18 23 18 19 16 18 18 23 19 23 23 22 16 15 14 16 15 12 17 20 16 17 19 18 17 21 21 27 23 26 21 15 20 21 19
13 18 8 13 13 12 12 15 16 14 15 13 11 9 14 19 15 17 11 15 19 13 17 15 15 7 13 19 17 10 15 12 15 12 13 14 13 15 16 18 19 14 7 14 11 12 7 13 18 14 14 12 14 14 13 19 22 15 21 16 14 17 13 18
15 18 8 12 15 12 14 13 15 19 13 17 14 14 14 18 13 13 16 16 18 11 22 14 18 12 13 18 15 17 13 13 10 12 15 13 14 13 20 16 18 13 9 11 10 9 10 14 18 13 17 14 18 15 19 16 18 16 18 15 14 12 15 17
13 20 14 13 10 15 15 15 16 15 16 16 15 14 12 15 16 16 15 11 16 16 15 17 20 11 11 20 16 16 18 12 11 13 13 10 15 13 16 18 20 8 12 10 16 14 8 16 12 13 16 14 19 18 15 16 19 18 20 19 13 20 13 19
16 20 17 13 16 17 19 18 22 22 19 19 17 17 13 23 22 23 19 18 20 20 26 17 21 16 18 23 24 25 19 15 15 18 20 15 17 18 23 19 23 15 15 12 19 15 15 22 18 15 23 19 21 16 25 22 23 23 23 17 16 19 19 24
17 17 14 12 14 14 12 14 16 18 16 12 12 14 13 18 16 18 13 15 17 10 15 13 17 12 12 17 14 19 13 10 12 9 13 8 17 15 15 13 21 13 13 11 12 15 8 17 14 15 15 13 14 15 17 13 17 19 13 14 14 16 14 17
14 20 13 8 18 13 16 18 20 19 15 18 13 15 14 18 18 18 16 17 19 12 21 18 18 16 17 19 17 16 19 11 13 12 18 14 15 20 19 16 23 14 14 14 16 15 15 18 18 17 19 18 15 16 22 17 21 16 20 16 11 15 16 16
15 16 12 13 14 11 12 12 15 13 12 17 9 13 11 14 12 14 14 11 19 11 16 15 17 14 17 17 15 13 18 13 10 13 15 15 14 12 19 12 19 11 12 10 14 16 12 14 14 17 15 16 14 16 22 15 18 14 18 14 11 16 15 14
14 18 11 11 17 14 13 13 18 17 16 12 12 12 18 21 19 18 15 16 22 9 22 14 15 13 17 18 17 14 16 14 15 12 17 14 17 12 20 14 18 15 14 13 16 13 11 16 15 12 15 14 14 16 21 16 18 16 20 17 16 14 19 15
15 17 11 11 10 14 15 14 17 14 13 15 14 13 16 18 16 15 19 14 20 13 19 14 18 11 11 17 14 12 14 10 13 12 12 11 18 14 21 15 16 10 15 14 12 14 13 16 11 13 16 18 13 17 17 15 22 16 22 19 17 18 15 15
14 20 16 13 16 17 19 19 21 23 18 15 15 14 13 20 21 23 17 18 20 16 23 20 18 14 18 19 17 15 18 14 18 18 19 15 19 18 21 19 23 13 14 14 22 17 13 21 20 17 19 18 18 18 18 21 24 23 26 21 15 22 15 18
21 25 18 13 17 16 22 22 22 27 24 22 19 18 18 28 22 22 20 22 22 19 25 20 25 16 20 25 25 23 21 19 19 16 17 18 24 23 23 18 29 17 18 17 22 18 14 22 19 18 20 22 24 23 26 23 25 23 25 26 14 22 18 27
14 19 9 10 18 13 14 16 19 19 16 17 16 12 12 21 16 18 18 15 18 18 25 17 18 12 15 21 18 19 18 15 13 16 19 14 16 17 18 20 23 12 13 14 16 16 12 16 18 15 23 16 16 17 23 17 25 17 21 18 13 18 18 19
14 15 13 14 14 12 18 17 15 19 14 15 16 16 13 18 17 19 14 15 21 13 15 15 14 13 16 16 20 16 17 13 15 12 11 14 19 16 22 11 18 13 11 14 13 14 8 13 16 16 17 14 14 14 18 18 16 18 18 15 12 13 15 16
14 18 16 12 12 13 16 14 16 16 15 17 12 12 16 16 17 21 16 16 23 15 18 16 15 12 15 19 16 18 16 14 13 14 16 16 15 15 20 16 19 11 15 17 13 17 8 17 14 15 20 15 15 17 18 18 24 20 20 15 16 20 15 20
19 20 15 17 17 17 20 22 19 22 20 18 17 20 16 22 18 21 16 19 22 18 24 19 21 15 18 19 22 21 24 15 16 15 14 15 21 17 24 20 23 16 15 15 17 17 12 18 14 17 22 23 20 20 24 18 21 23 22 21 17 18 19 21
13 19 13 14 14 12 14 19 13 17 14 19 12 13 11 19 15 19 15 14 20 14 17 13 15 18 14 18 21 16 18 15 15 14 13 16 18 13 20 16 20 14 11 14 14 14 10 15 17 17 20 16 16 16 19 20 20 18 20 16 14 17 15 17
16 21 11 8 10 13 16 19 20 17 12 19 15 14 15 19 13 15 16 14 17 13 21 17 22 15 14 17 16 16 17 12 15 16 15 14 13 15 18 13 21 13 15 11 16 16 12 16 14 15 20 16 16 15 23 18 20 15 22 21 13 17 20 17
12 14 12 9 12 11 14 15 13 15 11 12 12 11 10 12 14 13 13 12 14 15 16 16 12 12 12 15 17 14 14 9 9 10 14 6 13 14 17 13 18 7 10 10 11 11 9 12 11 12 15 12 15 12 14 15 17 16 16 11 10 16 12 12
14 19 10 11 7 12 14 15 18 14 13 13 11 11 10 15 11 15 14 9 16 13 13 14 14 11 12 13 11 15 14 8 12 14 9 12 15 13 12 15 17 11 15 11 15 14 7 14 15 15 16 13 16 15 16 12 18 15 15 17 11 15 14 18
18 24 14 12 16 17 18 21 25 20 19 19 23 14 17 25 19 20 22 20 23 15 26 19 23 15 18 25 24 23 21 17 19 13 18 18 22 18 24 22 28 14 15 14 18 17 11 23 17 16 22 20 22 18 21 21 25 20 24 22 16 18 21 23
14 22 12 11 15 15 16 16 19 19 14 15 16 12 13 22 20 15 20 16 20 16 23 18 20 14 15 19 18 17 18 11 14 14 17 12 20 16 18 15 22 12 10 12 15 16 13 19 19 13 18 13 20 19 20 19 21 18 21 16 13 17 15 16
18 24 15 13 19 17 19 20 23 23 18 16 16 18 15 25 20 20 18 21 21 19 25 18 22 15 18 22 20 19 19 15 18 16 19 19 20 20 26 15 27 18 20 15 18 15 17 23 21 21 20 21 18 18 27 24 23 24 27 25 15 19 17 19
16 23 15 14 12 16 18 20 18 19 19 19 14 14 18 24 19 21 19 14 21 16 20 18 21 13 15 24 18 17 20 15 17 18 16 17 17 15 19 19 24 12 17 15 19 15 10 20 18 15 20 18 21 20 24 20 24 20 23 24 15 24 17 22
17 16 12 10 15 10 18 19 20 16 16 16 13 12 13 18 18 16 16 15 16 12 21 15 18 15 13 18 19 16 19 13 11 11 14 13 16 13 18 9 20 10 11 13 14 16 10 15 11 15 19 15 16 19 20 19 16 15 19 17 15 17 14 19
18 19 12 14 17 17 15 18 17 22 18 18 14 19 17 20 20 22 19 16 20 14 22 15 17 17 15 15 20 19 15 14 13 15 18 14 18 15 19 17 21 16 15 13 16 17 14 18 19 18 19 19 16 17 21 16 23 21 21 18 17 20 20 16
13 19 14 9 16 11 13 13 19 16 11 14 14 14 14 18 15 19 13 15 15 15 19 15 21 15 14 14 16 16 15 11 13 14 16 12 14 18 19 15 19 13 11 7 17 15 15 12 16 15 17 14 15 16 19 15 18 19 23 17 12 20 16 20
17 18 13 14 15 14 18 15 16 18 19 15 18 16 13 22 20 18 18 16 18 14 17 16 19 11 16 18 17 20 16 15 14 14 16 17 17 16 20 19 20 14 14 14 14 15 11 15 15 18 18 16 16 19 18 20 22 22 23 17 19 16 12 21
16 22 18 14 19 16 14 18 20 23 16 16 16 19 21 25 19 25 17 22 23 16 20 20 23 17 18 25 21 23 22 15 20 16 18 18 21 18 25 18 23 21 18 13 20 19 16 21 17 18 22 21 19 16 24 19 22 23 25 20 17 20 23 23
14 21 14 12 14 14 13 12 18 16 16 12 12 17 17 19 17 16 16 15 21 16 22 17 17 12 20 17 18 14 18 14 13 11 17 15 17 16 21 16 21 14 18 14 18 16 13 16 16 16 17 19 15 19 20 17 22 20 20 19 14 16 15 19
9 11 10 6 8 7 11 16 12 13 11 13 11 11 13 14 11 11 12 9 13 11 15 11 15 10 10 14 13 12 17 9 12 8 7 11 14 12 17 9 17 6 11 10 10 9 7 10 11 7 15 13 11 9 15 10 12 11 15 15 7 13 11 13
11 14 8 6 12 9 12 14 18 16 11 13 11 8 12 13 18 17 13 11 15 12 17 17 16 9 13 17 16 13 17 11 13 15 14 14 11 14 18 14 14 10 8 13 13 15 9 16 15 12 19 16 16 15 16 14 19 15 22 14 11 15 12 18
15 22 12 13 16 17 15 18 16 20 16 17 18 16 15 22 19 21 17 19 24 13 20 17 17 16 20 18 18 20 20 19 16 16 16 23 20 16 22 19 21 17 12 13 18 13 12 18 20 20 15 19 16 20 20 20 20 21 24 21 15 19 20 20
14 16 11 13 14 14 16 15 20 15 18 16 10 13 13 15 18 16 13 14 19 12 18 15 14 13 14 16 13 12 17 15 13 17 14 11 16 13 17 13 17 11 13 9 20 18 10 16 15 17 16 15 15 18 16 20 20 18 20 19 14 18 14 18
15 18 10 12 13 12 15 15 19 16 15 12 12 15 14 20 19 13 18 14 15 14 20 14 18 10 13 20 19 18 17 13 14 13 17 14 13 14 22 14 18 10 16 11 11 17 10 18 14 15 19 15 15 17 18 15 21 18 22 16 17 16 14 20
14 22 13 14 11 15 13 19 14 16 10 14 13 17 16 18 19 15 17 13 21 16 19 16 22 14 12 17 20 15 17 15 12 13 15 13 17 13 20 16 21 12 13 12 14 14 10 16 17 17 18 14 16 17 18 15 20 21 23 20 17 18 17 18
14 18 10 12 12 15 13 15 16 16 12 15 11 11 12 19 14 17 16 10 14 10 15 11 17 14 13 18 11 12 16 12 15 16 15 13 16 11 15 13 15 12 12 10 15 15 9 15 14 15 17 14 12 16 18 14 20 11 21 19 13 17 14 16
15 16 7 11 11 10 11 13 10 11 13 19 11 11 13 14 14 13 15 11 16 11 14 14 14 12 7 15 15 15 11 13 9 13 12 12 16 9 19 17 16 10 9 7 12 7 9 11 15 14 15 14 15 13 15 14 17 14 21 15 12 16 13 17
14 20 10 11 13 11 18 17 17 19 14 17 15 12 14 19 17 17 15 15 17 14 20 16 17 11 17 23 21 15 19 13 15 17 14 18 14 14 21 15 19 12 12 12 14 15 12 19 17 15 19 20 22 14 20 20 20 17 20 18 9 16 13 20
14 19 14 12 14 10 21 16 20 20 19 15 13 13 17 22 16 21 15 17 18 16 21 15 20 14 16 23 21 15 17 14 16 14 14 16 13 17 19 17 23 13 16 15 20 14 15 16 17 14 20 22 20 14 20 21 21 18 21 18 13 16 12 19
17 20 8 10 13 13 14 16 16 19 14 16 13 15 15 17 16 15 17 13 16 15 20 15 22 15 14 19 21 13 20 13 11 16 16 15 18 12 21 13 20 10 13 8 16 14 14 15 17 15 16 20 19 17 21 15 17 15 23 21 12 18 14 18
16 23 17 12 13 14 15 17 19 16 13 16 15 14 15 18 21 20 19 15 20 18 19 19 20 15 13 22 19 19 16 13 15 14 16 11 18 15 20 16 24 15 13 13 16 16 9 23 18 16 22 17 19 16 19 21 21 21 20 16 15 18 16 21
12 20 12 11 17 11 13 12 19 16 14 16 9 11 13 19 13 16 16 17 16 14 18 13 16 13 12 18 16 17 14 11 14 11 14 13 16 16 18 11 18 15 11 12 10 13 11 15 13 16 18 13 16 15 19 18 22 16 16 12 14 14 13 16
9 15 12 11 14 14 11 16 15 19 15 14 9 14 9 17 17 17 13 14 15 14 18 13 12 11 17 15 20 14 20 13 11 12 11 15 15 14 18 13 16 14 10 12 14 9 8 16 15 11 12 15 17 13 19 15 16 16 19 16 9 15 12 17
12 18 15 15 10 11 16 13 12 16 14 14 10 16 12 19 19 18 15 16 17 17 16 14 15 11 13 17 22 16 15 13 12 13 14 13 16 13 17 15 19 13 13 10 15 11 11 15 14 16 13 16 17 14 18 15 17 18 21 14 10 17 12 18
19 24 19 14 20 17 21 22 28 24 20 22 17 17 16 24 22 22 21 21 24 21 32 24 25 17 24 26 23 22 25 17 20 20 24 20 21 22 28 22 29 17 19 17 24 20 17 26 22 21 27 25 23 22 30 25 29 25 28 24 16 22 20 26
16 21 12 15 20 16 14 17 18 21 16 17 15 16 13 24 18 19 18 17 19 13 20 14 18 16 13 21 19 15 17 17 14 12 13 17 18 16 23 19 22 12 15 13 12 17 12 19 16 16 18 18 18 17 19 17 24 21 21 18 17 20 17 18
19 20 14 16 15 14 17 16 17 17 13 15 16 15 19 19 17 18 15 14 24 13 20 18 22 13 16 19 20 15 17 15 13 13 18 13 18 12 23 18 23 14 14 15 18 18 12 12 17 17 21 17 17 20 20 17 20 20 23 19 17 17 17 21
17 20 12 12 14 14 19 15 18 17 16 18 12 15 15 22 16 17 20 14 21 12 23 12 15 15 16 19 17 16 17 14 12 17 16 15 19 12 22 13 16 14 19 14 17 15 15 16 16 15 19 17 15 19 27 19 22 17 21 21 17 15 17 17
14 15 13 8 12 11 9 14 13 17 11 9 16 14 11 17 17 18 15 13 13 16 15 15 17 9 11 16 19 16 13 8 13 10 15 7 15 14 19 14 19 12 12 10 12 13 8 16 14 9 15 15 14 11 17 13 13 18 18 12 11 14 13 15
12 19 16 9 12 8 10 13 17 16 13 13 13 9 13 21 13 15 14 15 17 12 18 14 19 12 15 19 15 17 16 9 14 12 13 10 16 17 17 15 18 12 13 10 16 16 9 17 14 12 16 14 17 15 19 13 17 14 19 17 11 15 19 19
19 26 13 16 16 17 18 18 20 22 16 20 14 17 17 20 16 20 17 19 23 19 23 18 22 17 17 24 21 21 21 15 17 21 16 15 21 18 22 17 21 15 15 14 16 20 14 22 20 17 22 22 21 20 24 21 26 22 21 21 16 21 20 24
15 25 11 12 14 14 16 16 18 17 13 14 13 14 12 19 18 15 18 13 21 17 22 17 19 12 15 18 17 17 19 14 10 14 15 14 17 15 20 14 23 12 14 14 16 15 11 18 18 15 17 16 18 23 23 16 18 18 22 18 13 20 16 19
11 12 8 6 8 12 12 11 13 14 12 13 11 7 6 12 14 11 13 12 15 10 16 14 12 10 13 13 14 13 11 7 8 13 13 10 11 13 11 11 17 11 7 9 13 7 9 15 15 14 11 12 14 14 14 15 12 11 16 13 6 14 6 17
12 16 12 10 10 12 18 9 15 14 9 11 13 13 13 20 16 15 12 16 16 12 16 13 16 10 14 17 14 13 14 6 12 10 11 10 13 17 17 13 15 12 12 12 11 14 14 13 11 12 13 14 13 14 18 13 16 12 18 13 12 13 15 15
16 24 10 13 17 14 13 13 19 16 11 13 13 16 19 19 17 21 15 19 19 17 18 18 20 14 14 18 16 17 17 14 17 14 16 14 19 15 23 14 20 15 12 12 14 18 15 17 17 13 18 18 15 17 21 16 19 21 21 17 16 21 20 18
12 12 9 10 15 10 9 12 12 16 9 9 12 13 12 17 14 17 13 13 16 14 15 14 13 10 11 17 19 11 15 10 11 8 12 10 15 12 19 13 15 12 8 9 11 10 10 10 10 11 13 15 13 11 15 15 16 15 16 8 11 12 10 14
13 15 9 8 12 11 10 13 16 12 13 12 10 8 10 17 17 14 12 12 15 9 19 15 16 9 11 14 13 12 13 11 8 13 15 12 9 11 13 17 16 12 9 9 16 11 10 14 14 15 14 12 12 16 17 15 16 14 21 17 14 14 16 17
13 15 12 8 9 10 16 14 16 16 11 14 10 14 11 15 15 15 14 12 15 9 20 15 18 12 11 14 16 15 12 10 8 10 13 11 10 11 15 12 18 10 11 9 14 10 10 13 12 16 18 15 17 14 17 14 14 16 16 12 10 13 15 13
15 20 7 11 16 11 14 14 15 16 14 16 8 14 13 15 14 15 16 13 17 16 19 15 17 13 11 15 16 12 16 13 8 15 14 14 15 12 17 13 15 12 11 12 15 11 13 15 14 15 18 18 17 19 21 20 20 19 17 18 13 14 10 17
20 21 12 13 12 11 17 15 19 17 17 18 17 14 20 22 18 19 19 17 22 14 22 18 20 12 17 20 19 18 14 12 15 17 17 16 17 13 23 17 20 16 14 14 14 16 13 21 15 17 21 21 23 14 21 21 24 20 23 20 18 17 16 21
