0 0 0 41 0 0 0 0 0 0 0 63 0 0 30 0 0 0 0 45 81 4 81 0 0 15 0 20 0 0 0 10 0 15 0 0 0 0 0 25 0 0 0 0 36 0 34 53 0 0 0 0 0 0 9 0 0 0 0 0 0 21 30 0
0 0 0 0 0 0 0 0 0 4 0 0 2 0 0 0 0 0 0 37 2 0 0 0 7 0 28 0 0 0 0 0 0 0 28 0 0 4 0 0 0 0 0 0 0 0 0 32 0 0 0 0 0 8 12 0 0 0 0 0 0 7 0 0
0 0 0 16 0 0 0 0 0 36 0 0 18 32 56 0 0 0 0 45 18 0 0 0 63 0 24 0 0 0 0 0 0 0 0 40 0 8 0 0 50 0 8 0 0 0 0 0 40 0 0 42 0 0 0 0 0 0 16 40 0 63 0 0
7 0 1 0 0 0 0 0 0 0 0 0 9 32 0 0 0 0 0 0 0 0 0 0 6 0 24 0 0 0 0 0 0 0 0 40 0 0 0 0 32 0 8 0 0 0 0 1 0 0 0 0 0 0 0 0 0 8 16 0 0 0 0 0
8 75 0 18 0 32 30 0 30 54 0 0 0 0 0 0 12 48 36 56 0 32 0 0 36 30 0 48 0 0 0 0 0 0 48 0 17 54 0 18 18 0 0 0 0 0 0 0 87 27 48 72 0 12 0 0 0 16 39 0 0 51 0 0
9 0 32 18 32 0 60 10 20 20 5 11 18 15 15 15 0 6 2 65 74 18 0 6 35 0 0 0 0 15 0 0 24 0 8 0 45 40 16 0 64 0 32 0 0 0 20 27 18 0 20 0 0 0 0 0 0 0 0 45 0 62 0 8
0 0 35 18 0 30 12 0 62 0 14 20 0 73 15 2 0 0 0 34 12 0 12 0 0 0 12 30 14 0 0 16 0 7 0 29 54 0 4 0 0 25 27 14 10 18 0 20 48 0 0 0 0 0 0 0 0 10 12 12 0 27 0 0
49 0 51 18 0 0 15 68 47 0 32 40 63 99 45 6 0 66 7 39 87 60 0 6 195 2 61 92 49 64 0 32 0 0 0 39 9 55 10 19 9 55 0 48 0 0 84 7 10 96 0 72 0 40 0 9 86 76 0 62 15 7 0 0
54 28 20 0 0 0 0 0 0 0 0 0 0 8 0 0 0 0 0 0 0 24 0 0 0 0 6 0 0 0 0 0 0 18 3 10 0 0 9 0 11 0 2 0 0 0 16 63 0 0 0 7 0 32 0 0 0 0 9 0 0 0 9 0
0 0 37 7 0 12 0 18 40 0 34 0 0 20 45 0 0 0 0 20 0 82 0 0 54 15 0 54 22 0 0 42 0 5 0 5 54 50 54 35 0 0 0 0 0 38 63 56 0 81 0 0 0 0 0 15 54 0 32 30 12 45 0 0
0 0 9 13 0 48 0 0 0 0 56 32 0 72 6 81 0 0 0 9 0 20 0 0 54 0 0 36 0 0 0 2 0 3 0 0 18 9 0 29 0 40 0 0 9 72 50 81 0 0 0 0 0 72 0 0 105 9 0 0 0 64 6 0
48 9 0 0 0 36 12 0 6 36 0 36 18 0 0 0 18 0 0 59 30 6 0 0 105 16 0 10 24 0 28 16 3 16 0 12 0 0 4 0 0 6 0 0 0 0 0 56 0 36 60 0 24 0 0 0 0 10 0 12 6 63 20 34
15 0 36 0 20 42 0 0 0 0 0 33 72 117 0 25 0 10 0 54 63 0 0 0 0 0 0 28 0 0 0 81 0 0 0 27 0 0 0 0 0 35 0 0 0 27 10 82 9 0 0 72 0 0 54 0 0 0 0 0 0 0 0 0
0 27 44 0 0 48 12 2 0 32 29 0 0 15 0 14 36 108 34 0 49 12 48 6 42 2 48 0 28 0 0 42 45 0 72 46 45 18 54 15 0 6 0 104 40 30 30 0 108 36 108 14 24 0 0 6 0 0 48 35 18 3 0 30
0 0 0 0 2 0 0 0 0 0 0 0 0 0 0 4 44 0 0 0 0 0 0 0 0 0 0 0 0 0 0 0 0 0 0 24 0 0 0 0 0 0 0 14 0 2 0 0 0 0 30 18 18 0 0 0 0 0 0 0 0 0 0 0
42 27 31 3 14 0 54 0 29 12 0 10 2 0 0 9 10 56 3 29 78 18 0 0 29 30 0 75 0 14 0 64 33 30 14 48 2 10 16 8 0 18 0 0 1 0 0 63 67 0 0 8 0 0 0 0 9 76 0 48 20 49 63 0
0 24 1 0 0 18 0 8 56 40 0 0 0 73 20 0 0 48 0 0 128 24 0 0 24 0 0 0 72 0 0 63 48 0 0 0 0 27 81 16 1 56 0 0 0 45 0 0 116 36 0 16 0 64 0 13 24 0 4 93 19 4 0 0
48 0 50 0 31 42 56 54 48 6 19 73 0 83 0 45 0 64 0 20 35 0 0 0 33 0 18 36 13 94 0 0 0 5 0 20 10 50 0 0 12 44 2 0 5 15 0 106 29 0 8 28 0 4 30 0 81 5 0 0 0 0 72 0
0 35 24 0 0 0 0 0 0 0 0 0 0 0 0 0 8 0 0 0 0 0 0 0 16 0 0 16 0 0 0 0 0 24 0 0 4 0 0 8 30 0 0 0 0 0 0 0 0 45 0 32 0 20 0 0 0 28 0 0 16 0 0 0
0 35 47 54 0 0 51 70 31 0 25 45 0 33 85 2 0 18 0 24 89 78 0 0 48 0 18 40 9 72 0 64 0 0 0 54 72 60 16 0 0 28 81 16 0 6 30 0 4 78 0 0 0 48 12 8 84 40 0 62 15 81 0 0
14 0 43 0 56 0 30 0 64 48 16 0 18 33 0 0 0 0 0 32 36 0 0 0 36 0 0 0 40 0 0 0 0 8 0 8 0 30 0 0 1 24 0 0 0 0 0 2 0 12 0 0 0 32 0 0 0 16 0 0 31 0 0 0
3 0 4 0 0 30 0 40 20 0 0 30 0 32 0 35 0 0 13 0 0 27 0 9 48 0 24 48 0 0 0 30 0 9 55 40 54 0 24 0 32 0 8 0 0 13 21 18 85 0 0 20 0 0 0 0 0 4 24 0 0 20 0 12
0 0 0 0 3 0 0 0 0 0 12 0 0 0 0 6 12 0 0 8 0 0 0 0 0 0 7 0 6 0 0 0 0 0 34 0 0 17 81 0 12 0 0 21 0 7 0 8 0 0 0 55 0 2 3 0 0 0 61 0 0 12 81 0
18 7 5 41 22 0 21 0 0 0 0 0 0 0 24 0 12 24 0 36 0 106 0 0 0 0 0 19 0 6 0 8 0 12 0 8 0 0 0 61 0 0 0 48 0 0 105 159 9 16 10 0 6 8 48 0 0 0 0 0 0 0 51 0
48 9 50 20 16 0 68 31 0 0 44 2 2 0 40 51 0 100 3 55 16 81 0 9 83 20 0 8 30 16 0 0 29 0 12 0 0 10 64 15 61 6 0 48 0 0 76 90 51 72 20 0 0 0 0 48 48 0 0 10 0 28 72 12
0 14 42 0 0 18 16 0 0 0 0 14 0 0 0 0 23 0 0 0 30 0 18 0 21 0 0 28 12 0 0 0 0 42 0 0 0 10 0 0 12 8 0 0 8 0 0 0 0 40 18 0 12 8 2 0 0 49 0 0 41 0 0 15
9 0 8 8 0 72 12 0 0 0 0 0 0 34 21 0 18 0 0 66 0 36 0 0 49 0 20 8 24 0 0 0 0 0 0 26 9 3 0 0 41 0 5 0 0 0 6 0 42 37 36 28 24 0 0 0 0 18 10 15 14 0 0 30
0 0 36 0 0 0 54 14 0 2 0 19 9 0 35 0 0 0 0 45 79 42 0 0 58 0 0 0 18 0 0 0 33 0 14 0 0 45 0 2 72 0 0 0 0 18 0 0 19 63 0 2 0 0 0 7 42 0 0 45 0 0 0 0
4 0 0 66 0 46 10 0 0 0 3 45 0 9 55 2 18 0 0 100 0 16 12 0 107 0 12 32 20 0 0 16 4 24 63 34 31 1 0 32 0 0 0 14 10 0 40 72 68 30 62 24 20 0 0 0 0 8 0 8 41 0 48 32
0 7 5 10 0 0 0 8 0 0 0 0 0 30 20 0 0 0 0 15 0 30 0 0 59 0 25 40 0 0 0 0 0 0 0 5 0 0 0 0 5 0 0 0 0 0 34 0 0 41 0 0 0 8 0 4 24 0 0 0 0 0 0 0
21 0 0 0 56 0 0 0 0 76 0 37 18 0 0 35 0 14 0 99 74 0 0 0 123 0 0 0 12 0 0 0 48 0 42 0 0 0 58 16 0 0 0 0 0 0 14 0 102 0 0 16 0 16 0 48 0 0 0 40 0 98 0 0
36 0 43 48 0 0 68 0 6 22 4 6 12 0 40 1 0 6 0 59 101 0 0 0 21 0 7 64 0 0 0 16 48 12 28 12 54 31 67 10 48 0 72 8 0 0 5 50 45 0 0 10 0 2 3 0 0 10 35 42 0 93 63 0
0 36 30 0 0 0 24 0 0 44 70 4 8 21 0 0 36 0 0 75 36 0 0 0 14 0 0 63 81 0 0 0 12 0 0 24 126 20 40 0 32 0 0 0 0 162 0 0 42 0 30 0 18 81 0 40 27 0 6 27 0 92 0 0
6 0 0 0 3 0 7 0 0 10 36 0 8 6 0 2 4 8 0 6 35 0 0 0 0 0 0 1 18 2 0 9 30 0 0 0 36 48 0 10 0 0 0 7 0 25 0 15 76 0 0 27 0 0 0 0 0 0 56 0 0 36 9 0
0 0 0 16 0 0 0 0 0 0 0 0 0 48 0 0 0 0 0 24 0 0 0 0 56 0 40 64 0 0 0 0 0 0 0 8 0 0 0 0 8 0 0 0 0 0 48 0 0 8 0 0 0 0 0 0 0 0 0 0 0 0 0 0
0 0 0 0 0 0 30 0 0 0 0 0 0 0 0 0 0 0 0 9 36 0 0 0 0 0 0 0 0 0 0 0 0 0 0 0 0 30 8 0 0 24 0 0 0 0 0 0 0 12 0 0 0 0 0 8 0 0 0 0 30 0 0 0
1 42 10 0 0 4 0 0 16 14 66 30 0 32 0 0 0 0 0 15 49 4 0 0 48 0 0 0 31 0 0 0 42 2 54 2 154 72 36 14 36 0 0 0 0 45 0 0 159 54 0 14 0 24 0 0 0 2 110 8 0 54 36 0
0 0 0 0 0 0 0 0 63 0 30 0 0 81 0 0 0 54 0 18 81 0 0 0 0 45 0 0 96 0 0 0 0 0 0 0 0 40 16 0 9 63 0 0 0 10 0 0 18 0 0 21 0 72 0 16 0 0 40 54 0 93 0 0
0 14 0 0 16 6 0 5 25 4 0 0 0 0 0 7 54 0 2 21 56 64 0 0 0 0 0 41 0 0 0 62 12 0 0 78 45 0 14 4 12 0 0 48 0 15 0 24 53 34 45 8 27 8 48 0 0 35 10 42 0 4 0 0
0 18 30 0 0 0 0 18 48 18 15 15 0 24 0 0 0 0 0 24 0 0 0 0 0 0 6 0 12 24 0 0 0 6 0 6 0 15 0 0 18 3 0 0 0 0 0 0 21 0 0 42 0 0 0 0 12 0 3 0 0 3 0 0
6 0 18 25 0 0 43 6 25 6 0 3 3 30 0 3 0 0 36 30 45 18 18 18 35 6 43 80 66 0 0 0 27 18 2 38 0 60 0 9 29 0 0 21 15 56 30 0 36 5 0 6 0 0 0 0 0 8 0 15 0 0 0 0
3 0 6 0 8 42 15 0 67 0 0 85 0 144 0 5 2 56 0 0 171 0 72 0 0 0 0 32 81 3 0 0 0 6 0 0 0 15 0 0 0 110 1 0 32 0 2 31 18 6 4 0 0 72 8 0 0 7 0 54 19 0 0 0
15 0 0 0 0 0 0 0 14 0 24 0 0 18 0 0 0 12 0 64 18 0 0 0 0 0 56 0 30 0 0 0 0 45 73 0 0 40 36 0 0 14 0 0 0 13 0 64 4 0 0 0 0 32 24 0 0 20 52 12 0 24 36 0
0 0 0 0 0 0 0 48 0 0 16 40 0 24 0 0 0 0 0 0 0 0 0 0 4 0 16 0 0 64 0 0 0 0 0 0 100 40 0 2 0 8 0 0 0 9 0 0 21 0 0 8 0 0 0 0 32 0 6 8 0 0 0 0
3 0 38 0 67 0 0 22 0 54 2 11 0 0 0 5 0 2 35 0 49 30 0 30 27 10 4 0 47 16 0 0 0 0 0 51 0 10 0 5 0 2 0 0 0 21 2 0 7 0 0 0 0 36 42 0 8 0 0 0 0 0 0 0
54 0 48 0 0 0 0 0 63 0 63 0 0 81 0 54 8 54 0 45 81 0 0 0 36 0 0 97 81 0 0 0 4 42 0 24 93 6 40 0 0 63 0 0 6 81 0 63 18 0 32 16 0 153 0 40 81 34 0 54 52 72 0 0
48 0 0 0 0 0 0 0 0 0 0 40 0 0 0 3 0 0 0 0 0 0 18 0 64 0 18 0 0 0 0 0 0 16 56 15 0 0 0 0 0 0 0 21 15 0 0 56 49 0 0 0 0 0 0 0 0 0 0 0 0 0 0 0
0 0 16 0 0 0 24 46 0 0 5 29 4 0 40 0 0 0 0 20 32 48 0 0 48 0 10 0 0 40 0 0 12 0 0 0 0 45 16 0 59 5 0 0 0 0 0 0 0 72 0 63 0 0 0 8 68 0 0 84 0 56 0 0
0 0 12 0 0 18 0 15 12 0 0 0 0 0 0 21 4 0 6 0 0 0 0 0 0 0 0 26 54 0 0 18 0 12 0 0 0 0 0 0 12 0 0 0 0 54 0 0 0 0 0 40 0 0 0 0 0 14 0 0 8 12 0 0
64 0 16 9 0 0 0 0 0 0 0 0 36 0 7 4 4 0 0 0 0 28 24 0 24 0 24 8 0 0 0 0 0 56 4 20 0 1 10 35 0 0 0 28 20 4 63 88 17 0 0 0 0 0 0 0 0 62 0 45 8 35 0 0
0 6 0 4 0 0 0 0 21 6 9 0 0 39 0 0 0 0 0 27 42 0 0 0 14 15 10 51 0 0 0 56 0 0 0 44 81 0 22 0 5 0 0 0 0 0 12 0 7 2 0 7 0 0 0 0 0 35 1 83 0 50 0 0
0 14 0 0 5 0 0 54 0 0 9 45 0 0 0 10 20 0 0 0 0 0 0 0 0 10 18 0 0 72 0 0 0 0 0 0 0 45 0 0 12 9 0 35 0 5 0 0 0 18 0 45 0 8 0 0 36 0 0 0 0 14 0 0
7 0 0 16 0 28 0 54 0 0 25 45 0 0 0 36 24 0 0 49 0 28 0 0 28 0 18 0 24 72 0 0 16 0 0 16 7 45 0 12 54 9 0 0 0 0 20 0 21 0 36 42 12 0 0 0 36 14 0 0 0 0 0 0
9 0 30 0 0 0 24 24 65 0 8 24 4 75 0 2 0 42 0 28 95 0 12 0 0 0 20 0 67 32 0 0 12 29 18 12 0 40 45 0 36 53 0 14 10 3 0 0 20 0 0 0 0 56 0 0 16 12 25 62 4 0 45 0
0 0 0 0 0 0 0 36 21 0 6 30 0 27 0 0 0 18 0 0 27 0 0 0 0 0 12 0 27 48 0 0 0 0 3 0 0 30 9 0 0 27 0 0 0 0 0 0 6 0 0 0 0 24 0 0 24 0 5 18 0 0 9 0
0 0 0 12 0 0 0 40 27 0 0 0 0 20 42 0 0 0 8 54 54 72 0 24 0 0 15 45 9 0 0 72 0 0 32 79 0 6 106 0 20 0 5 0 0 9 56 48 102 0 0 0 0 0 0 24 0 45 10 84 0 0 0 32
10 69 0 0 12 40 0 30 24 22 0 75 0 0 0 57 6 30 21 23 56 46 0 0 0 32 0 36 0 0 56 36 69 0 24 0 1 0 0 16 0 42 0 0 0 0 6 0 82 0 72 40 0 0 0 0 0 2 16 0 0 25 40 8
0 0 20 32 8 42 0 0 8 0 0 28 16 75 24 0 0 0 0 48 35 0 0 0 0 20 0 44 0 6 0 26 0 12 0 15 0 0 0 16 0 35 2 0 0 15 20 82 5 0 8 16 0 0 30 0 0 0 0 0 0 28 24 0
12 7 6 14 12 30 0 25 40 4 2 7 0 47 0 35 0 0 10 25 23 0 9 0 49 0 35 86 2 9 0 30 12 5 0 8 0 0 0 4 14 0 3 0 4 0 42 23 18 16 12 24 0 4 1 0 0 0 0 0 1 20 0 0
14 0 28 21 0 30 15 0 15 6 12 20 18 45 0 99 0 0 9 0 21 0 0 0 81 0 0 125 18 0 0 0 30 0 0 0 97 35 0 15 27 25 0 0 8 0 15 22 27 0 12 6 0 0 0 0 72 24 0 0 0 0 0 0
8 0 8 0 4 86 12 99 36 0 57 47 2 0 0 71 16 0 18 66 16 32 0 0 0 0 18 54 24 72 0 54 6 0 12 0 8 119 36 0 16 9 0 28 0 20 0 0 24 0 0 72 0 0 0 0 36 16 84 10 0 84 36 0
48 49 51 0 10 0 0 12 16 0 6 10 0 14 0 0 6 0 0 8 0 82 0 0 8 0 4 0 4 16 0 0 0 18 0 6 2 10 0 4 6 2 0 30 0 0 28 71 0 10 5 16 3 56 30 0 8 0 0 0 6 0 0 0
0 0 8 26 0 18 0 4 0 32 0 93 16 75 73 72 0 0 0 70 16 12 0 0 144 36 38 44 0 0 63 0 0 0 15 34 16 17 45 0 28 15 6 0 8 0 24 12 45 22 54 0 0 0 0 2 84 8 37 45 0 56 90 9
0 0 0 0 0 18 6 16 0 0 0 30 0 0 40 0 9 0 0 0 0 48 0 0 117 0 0 0 12 0 0 0 0 0 60 0 0 0 54 0 0 0 0 0 0 0 0 0 30 90 18 0 12 0 0 8 48 0 30 0 3 0 54 15
