1354 1215 1522 1440 1440 1349 1251 1337 1602 1264 1178 1480 1199 1399 1522 1337 1657 1553 1457 1507 1515 1478 1247 1452 1330 1394 1322 1402 1346 1316 1316 1389 1539 1510 1501 1536 1390 1444 1547 1410 1569 1267 1370 1272 1296 1462 1285 1373 1550 1497 1454 1161 1463 1326 1344 1407 1486 1362 1393 1306 1357 1358 1254 1435
918 995 1077 992 976 906 846 871 1084 1025 833 1133 864 922 1057 1113 1235 1030 1019 1065 1179 1040 1055 1014 908 1019 1013 1119 996 952 988 1087 1126 1032 1124 1106 1100 1132 1187 1055 1164 898 1057 912 844 992 1002 1066 1209 999 999 974 1153 1082 1019 878 963 933 1092 963 910 977 980 1134
1329 1029 1284 1336 1239 1325 1035 1157 1553 1176 1094 1408 1073 1052 1411 1293 1458 1315 1290 1345 1491 1373 1273 1351 1214 1194 1320 1463 1255 1381 1173 1271 1298 1326 1396 1409 1117 1328 1357 1240 1399 1159 1327 1232 1101 1252 1221 1348 1460 1274 1284 1164 1276 1408 1360 1068 1090 1093 1348 1214 1165 1183 1191 1181
1340 1139 1264 1286 1339 1269 1135 1290 1360 1120 1015 1281 1108 1226 1231 1115 1556 1320 1317 1224 1291 1326 1238 1156 1233 1153 1304 1491 1329 1182 1125 1433 1316 1383 1354 1323 1160 1355 1430 1268 1369 1120 1270 1032 1234 1270 1239 1351 1406 1269 1364 1084 1323 1365 1472 1203 1207 1227 1403 1346 1025 1179 1167 1314
1402 1274 1402 1452 1318 1234 1216 1298 1539 1094 1186 1394 1252 1301 1330 1261 1477 1295 1385 1473 1343 1306 1169 1379 1204 1315 1303 1412 1390 1282 1226 1366 1397 1366 1499 1483 1337 1319 1434 1356 1433 1172 1269 1077 1333 1383 1392 1362 1375 1340 1282 1212 1450 1341 1343 1322 1358 1281 1344 1253 1279 1282 1105 1339
1392 1174 1232 1337 1358 1144 1165 1250 1354 1033 1201 1255 1150 1112 1198 1229 1382 1252 1170 1310 1322 1427 1209 1230 1249 1281 1339 1412 1287 1074 1198 1402 1492 1297 1428 1348 1217 1258 1354 1214 1360 1097 1197 1199 1165 1248 1104 1339 1437 1242 1402 1112 1321 1205 1406 1146 1203 1055 1268 1136 1160 1138 922 1241
1469 1342 1360 1453 1367 1389 1224 1359 1650 1194 1273 1385 1114 1220 1300 1414 1637 1432 1320 1394 1565 1395 1357 1356 1312 1409 1490 1441 1504 1307 1236 1542 1527 1433 1457 1617 1504 1538 1536 1523 1459 1123 1492 1201 1345 1343 1240 1367 1516 1453 1332 1251 1559 1503 1345 1237 1416 1221 1395 1295 1228 1264 1126 1312
1323 1193 1379 1270 1356 1207 1215 1310 1638 1213 1211 1308 1033 1167 1419 1312 1505 1294 1334 1321 1376 1286 1236 1409 1221 1297 1275 1364 1338 1353 1099 1310 1391 1291 1583 1428 1250 1435 1472 1347 1403 1132 1248 1162 1287 1358 1224 1306 1430 1267 1341 1252 1366 1406 1186 1237 1312 1256 1373 1372 1248 1189 1139 1211
1345 1312 1201 1293 1292 1102 1285 1326 1483 1139 1097 1498 1059 1190 1362 1226 1498 1294 1398 1391 1431 1319 1320 1383 1125 1241 1374 1378 1490 1247 1168 1405 1363 1327 1412 1428 1243 1372 1410 1341 1355 1137 1376 1143 1321 1323 1317 1470 1529 1377 1436 1165 1320 1374 1514 1186 1281 1223 1409 1287 1225 1227 1152 1391
1557 1368 1607 1604 1419 1387 1297 1526 1631 1234 1395 1531 1242 1379 1508 1391 1732 1400 1616 1395 1607 1669 1437 1589 1446 1453 1604 1686 1510 1492 1285 1620 1611 1561 1632 1784 1460 1379 1398 1531 1636 1277 1569 1338 1328 1505 1352 1551 1634 1511 1683 1229 1575 1480 1576 1421 1401 1346 1662 1582 1453 1424 1404 1549
1346 1231 1413 1530 1229 1309 1176 1215 1671 1161 1242 1523 1155 1181 1278 1368 1464 1223 1312 1286 1445 1365 1313 1366 1179 1304 1336 1439 1336 1322 1227 1289 1423 1309 1554 1560 1473 1462 1519 1479 1423 1117 1153 1124 1177 1337 1313 1343 1412 1361 1346 1249 1498 1555 1409 1187 1233 1374 1423 1333 1303 1194 1166 1275
1568 1355 1445 1489 1439 1389 1341 1382 1689 1084 1280 1560 1235 1247 1391 1390 1654 1452 1469 1417 1587 1518 1411 1461 1436 1565 1529 1631 1533 1406 1332 1680 1485 1456 1624 1635 1388 1392 1537 1441 1566 1346 1455 1218 1350 1488 1494 1626 1512 1466 1388 1273 1552 1410 1528 1335 1372 1327 1538 1505 1218 1445 1350 1454
1374 1155 1166 1263 1157 1151 1069 1157 1324 926 1071 1166 1009 1165 1174 1188 1401 1138 1253 1294 1183 1301 1042 1216 1250 1092 1250 1094 1219 1183 1145 1242 1227 1116 1368 1403 1256 1315 1497 1224 1184 960 1225 874 996 1290 1283 1186 1330 1242 1165 1053 1303 1240 1178 1141 1238 1174 1163 1175 1178 1056 1071 1031
1397 1082 1379 1369 1377 1385 1120 1199 1583 1155 1262 1399 906 1134 1397 1313 1353 1371 1280 1196 1450 1352 1216 1489 1215 1317 1288 1463 1239 1314 1238 1426 1358 1378 1372 1579 1373 1344 1356 1432 1347 1090 1376 1238 1177 1217 1154 1391 1345 1256 1330 1265 1356 1294 1300 1203 1239 1162 1321 1185 1296 1227 1133 1310
1364 1318 1484 1565 1434 1340 1328 1465 1565 1283 1414 1530 1222 1338 1542 1287 1610 1320 1462 1538 1535 1536 1321 1533 1270 1371 1354 1464 1509 1473 1437 1446 1515 1506 1606 1656 1389 1422 1554 1461 1559 1286 1503 1245 1352 1463 1361 1342 1532 1475 1572 1295 1442 1567 1508 1382 1447 1425 1335 1334 1394 1204 1225 1403
1378 1337 1459 1484 1252 1331 1117 1433 1748 1241 1326 1493 1131 1234 1319 1390 1591 1305 1427 1397 1585 1415 1427 1457 1245 1400 1473 1447 1409 1376 1249 1302 1483 1564 1712 1635 1498 1492 1499 1410 1679 1140 1336 1200 1360 1364 1372 1319 1564 1448 1384 1213 1598 1464 1513 1235 1388 1378 1403 1367 1284 1169 1252 1464
1491 1387 1575 1596 1563 1481 1423 1470 1693 1454 1536 1726 1277 1441 1686 1475 1804 1553 1589 1486 1692 1661 1456 1606 1525 1564 1661 1619 1648 1500 1441 1603 1585 1535 1731 1796 1604 1745 1708 1634 1723 1331 1675 1270 1458 1469 1526 1642 1767 1476 1526 1419 1655 1633 1595 1426 1614 1548 1491 1554 1457 1299 1372 1510
1060 1021 1156 1130 1124 960 1061 1015 1397 916 978 1193 1011 1011 1249 1064 1333 1141 1268 1133 1220 1187 986 1180 986 1171 1084 1219 1074 1009 1189 1252 1192 1218 1301 1237 1058 1146 1210 1220 1182 1027 1019 962 1069 1205 1171 1156 1310 1187 1106 1001 1314 1227 1187 1066 1111 1122 1297 1227 1067 1011 1056 1184
1247 1182 1330 1393 1321 1259 1136 1334 1396 1033 1187 1318 1081 1170 1279 1140 1407 1201 1204 1243 1364 1290 1220 1403 1078 1190 1196 1343 1285 1230 1201 1286 1282 1303 1402 1417 1393 1306 1402 1289 1293 1071 1243 1036 1157 1416 1183 1312 1364 1351 1266 1146 1340 1387 1257 1274 1350 1179 1245 1200 1196 1095 1046 1203
1283 1012 1348 1230 1299 1238 1206 1160 1523 1159 1305 1325 1021 1152 1477 1254 1449 1388 1411 1343 1473 1328 1285 1309 1120 1329 1352 1355 1426 1247 1146 1371 1389 1324 1523 1526 1220 1398 1415 1355 1401 1059 1306 1120 1276 1339 1176 1341 1523 1227 1348 1199 1445 1301 1388 1093 1341 1217 1322 1290 1218 1093 1126 1193
1297 1131 1245 1333 1327 1241 1112 1273 1504 1169 1091 1330 1039 1049 1271 1130 1576 1294 1236 1290 1442 1232 1221 1350 1189 1294 1300 1402 1292 1234 1105 1332 1138 1337 1443 1308 1183 1329 1353 1210 1429 1141 1226 1113 1259 1245 1249 1327 1330 1235 1188 1071 1362 1355 1313 1119 1177 1180 1223 1195 1035 1089 1016 1293
1093 1068 1147 1168 1070 979 996 1202 1291 1033 1101 1289 959 1063 1137 1026 1277 1044 1149 1159 1197 1083 1086 1112 947 1206 1237 1126 1228 1087 952 1123 1126 1159 1323 1254 1180 1210 1164 1080 1370 957 1154 991 1012 1256 1006 1054 1194 1084 1039 1134 1234 1144 1136 874 1099 1127 1119 989 1097 981 840 1076
1385 1466 1417 1467 1236 1147 1165 1379 1663 1179 1382 1348 1183 1310 1327 1352 1489 1259 1383 1246 1488 1615 1281 1324 1323 1390 1399 1468 1363 1390 1310 1415 1448 1437 1703 1528 1299 1399 1382 1384 1564 1122 1377 1208 1319 1314 1305 1337 1456 1333 1514 1238 1472 1427 1381 1238 1415 1414 1471 1362 1231 1071 1153 1356
1397 1197 1322 1203 1439 1192 1306 1282 1486 1031 1062 1191 1163 1083 1320 1286 1494 1315 1255 1420 1421 1285 1274 1312 1153 1314 1248 1298 1442 1231 1092 1392 1321 1282 1432 1422 1270 1448 1549 1250 1372 1091 1193 1096 1262 1473 1198 1371 1485 1353 1453 1178 1282 1321 1242 1225 1330 1225 1290 1367 1140 1182 1015 1180
1275 1102 1242 1306 1191 1115 1061 1254 1432 1108 1174 1359 1055 1128 1394 1185 1409 1256 1378 1268 1480 1370 1329 1338 1203 1324 1404 1335 1260 1161 1103 1262 1492 1320 1488 1377 1290 1216 1345 1319 1413 1162 1300 1041 1195 1271 1243 1294 1433 1279 1371 1098 1291 1293 1353 1108 1236 1202 1292 1188 1210 1142 1076 1234
1302 1227 1340 1360 1329 1315 1131 1276 1449 1127 1279 1498 1094 1241 1303 1243 1502 1343 1320 1319 1335 1376 1148 1346 1321 1307 1233 1419 1423 1230 1292 1408 1455 1419 1431 1449 1319 1317 1321 1408 1359 1148 1419 1154 1241 1349 1276 1339 1499 1306 1364 1190 1467 1281 1360 1297 1424 1140 1319 1246 1285 1243 1177 1475
1311 1056 1249 1383 1182 1161 1055 1279 1415 1008 1145 1455 1031 1121 1307 1115 1345 1215 1277 1291 1277 1268 1193 1229 1085 1202 1364 1266 1391 1215 1077 1322 1313 1316 1312 1436 1357 1340 1277 1266 1277 1015 1231 1057 1155 1423 1157 1250 1328 1325 1295 1084 1318 1311 1241 1141 1199 1239 1293 1182 1247 1137 998 1080
1492 1202 1422 1466 1520 1415 1395 1331 1708 1301 1339 1576 1260 1368 1548 1410 1717 1606 1500 1461 1594 1534 1413 1343 1377 1518 1401 1546 1504 1397 1429 1489 1555 1560 1590 1616 1458 1487 1654 1628 1578 1371 1371 1261 1394 1407 1347 1444 1650 1501 1493 1345 1484 1544 1654 1403 1426 1370 1488 1395 1220 1309 1258 1476
1216 1099 1351 1291 1209 1297 1122 1220 1394 1122 1131 1237 1090 1159 1287 1151 1440 1345 1178 1279 1310 1384 1227 1216 1246 1188 1267 1362 1364 1371 1099 1263 1328 1371 1338 1394 1245 1270 1309 1312 1412 1035 1172 1097 1294 1231 1171 1246 1484 1271 1198 1070 1326 1396 1358 1214 1221 1182 1295 1207 1110 1111 1076 1279
1388 1125 1164 1310 1227 1063 1040 1280 1462 1114 1109 1320 978 1107 1178 1198 1521 1249 1333 1280 1329 1279 1198 1311 1216 1199 1283 1322 1287 1213 953 1281 1238 1305 1474 1295 1225 1259 1367 1197 1387 1074 1337 1068 1201 1244 1211 1270 1262 1299 1297 967 1251 1232 1366 1143 1179 1161 1177 1086 1077 1163 1036 1207
1281 1177 1279 1258 1179 1145 1080 1298 1417 1108 1083 1211 1134 1142 1266 1299 1362 1195 1209 1233 1218 1220 1160 1239 1212 1236 1275 1316 1386 1119 1053 1343 1453 1406 1382 1305 1279 1400 1338 1287 1336 974 1215 994 1245 1350 1187 1197 1417 1253 1174 1057 1452 1342 1297 1163 1269 1184 1343 1252 1132 1159 1163 1215
1417 1233 1316 1428 1323 1091 1143 1273 1468 1065 1101 1364 1144 1172 1309 1231 1378 1268 1314 1330 1433 1248 1214 1406 1168 1226 1342 1458 1315 1421 1122 1370 1374 1441 1598 1384 1207 1357 1406 1210 1359 1081 1275 1132 1334 1378 1318 1351 1399 1321 1378 1191 1232 1247 1439 1214 1315 1182 1409 1157 1153 1092 1114 1285
1425 1287 1345 1420 1402 1255 1153 1431 1719 1220 1354 1446 1222 1236 1350 1517 1563 1407 1604 1425 1512 1482 1378 1559 1339 1416 1423 1430 1476 1250 1346 1412 1675 1630 1664 1573 1419 1593 1583 1479 1527 1312 1410 1261 1442 1515 1439 1478 1519 1519 1556 1200 1536 1527 1545 1365 1452 1334 1418 1516 1358 1304 1331 1380
1037 1009 1145 1204 1052 987 994 1003 1231 955 1010 1121 901 991 1012 1062 1235 1061 989 1029 1135 1081 1056 1060 1008 895 1083 1202 1027 1065 996 1174 1051 1116 1246 1153 1136 1206 1179 1031 1131 946 1064 861 923 1110 1068 1218 1283 989 1031 982 1189 1277 1194 915 1128 985 1156 1069 975 870 966 1179
1229 1122 1187 1151 1395 1231 1193 1215 1510 1146 1256 1284 1187 1254 1256 1248 1578 1319 1412 1403 1259 1290 1212 1331 1297 1293 1226 1277 1502 1190 1202 1331 1536 1313 1460 1425 1277 1349 1391 1330 1361 1132 1329 1061 1318 1248 1292 1316 1497 1325 1283 1108 1390 1429 1341 1234 1209 1277 1232 1257 1198 1176 1018 1041
1452 1300 1472 1541 1459 1480 1269 1460 1688 1335 1405 1591 1261 1294 1484 1468 1680 1488 1410 1525 1633 1543 1438 1625 1543 1445 1558 1650 1563 1464 1234 1485 1559 1508 1658 1601 1449 1507 1620 1409 1563 1300 1438 1311 1464 1550 1493 1569 1597 1544 1577 1215 1572 1608 1576 1390 1360 1369 1384 1350 1412 1349 1277 1555
1152 1056 1161 1278 1098 1080 1144 994 1299 1002 973 1164 872 1030 1176 1064 1437 1286 1212 1290 1317 1214 1146 1141 1035 1117 1184 1311 1178 1248 1087 1189 1169 1296 1299 1325 1093 1085 1313 1184 1284 1117 1110 1088 1043 1098 1166 1191 1305 1052 1130 1024 1184 1087 1239 1064 1105 1059 1232 1125 1022 1096 1114 1250
1134 1174 1335 1157 1252 1161 1134 1249 1441 1012 1164 1187 1091 1046 1202 1240 1441 1193 1137 1178 1348 1374 1205 1295 1238 1141 1199 1292 1353 1159 1113 1294 1313 1200 1213 1422 1211 1262 1283 1250 1411 1065 1268 1082 1136 1187 1138 1271 1331 1279 1385 1058 1315 1388 1230 1113 1062 1183 1228 1354 1120 1093 1083 1267
1110 847 1156 1099 996 940 913 1036 1361 821 922 982 947 999 1116 979 1272 1094 1096 1077 1204 1103 1013 1054 1070 1060 1115 1120 988 979 948 1096 1177 1082 1312 1246 1108 1057 1113 1037 1267 976 1075 945 856 1107 903 1003 1103 968 1082 840 1142 971 1043 976 1024 973 1180 1042 980 1024 928 959
1302 1157 1378 1502 1268 1265 1151 1327 1606 1200 1227 1373 1137 1136 1378 1290 1476 1316 1299 1372 1508 1306 1275 1396 1100 1318 1207 1407 1388 1252 1180 1268 1331 1370 1510 1447 1427 1458 1560 1423 1457 1222 1222 1216 1271 1462 1330 1270 1364 1376 1268 1286 1351 1414 1415 1210 1382 1289 1348 1228 1198 1182 1138 1367
1368 1162 1320 1340 1468 1358 1171 1219 1538 1046 1164 1222 1134 1071 1344 1241 1554 1436 1389 1264 1368 1490 1166 1241 1419 1304 1278 1552 1363 1150 1344 1370 1488 1440 1474 1524 1263 1370 1480 1329 1378 1155 1397 1134 1249 1269 1315 1434 1456 1310 1277 1214 1463 1318 1223 1320 1334 1198 1423 1396 1264 1179 1153 1291
1455 1225 1181 1305 1305 1233 1183 1199 1583 1110 1179 1323 1052 1060 1372 1289 1466 1214 1319 1137 1438 1371 1203 1327 1256 1293 1321 1566 1331 1289 1146 1323 1391 1323 1602 1428 1056 1408 1509 1371 1342 1051 1326 1060 1319 1140 1263 1359 1347 1267 1297 1177 1326 1421 1345 1254 1277 1146 1336 1355 1030 1175 1259 1167
1364 1212 1392 1454 1348 1291 1171 1395 1509 1208 1337 1515 1055 1223 1319 1317 1499 1406 1209 1349 1422 1453 1295 1472 1301 1330 1346 1420 1431 1457 1109 1495 1422 1456 1447 1392 1330 1409 1439 1388 1445 1157 1253 1259 1273 1390 1255 1379 1491 1394 1517 1140 1327 1406 1483 1268 1320 1312 1368 1230 1242 1189 1070 1341
1441 1174 1283 1284 1358 1166 1217 1225 1557 1107 1182 1301 1077 1171 1288 1121 1452 1191 1291 1216 1286 1103 1248 1288 1249 1238 1345 1368 1266 1159 1007 1462 1287 1150 1518 1499 1301 1409 1469 1240 1242 1102 1295 968 1233 1280 1192 1280 1380 1138 1338 1080 1288 1293 1335 1208 1213 1214 1273 1204 1145 1182 1065 1135
1449 1316 1447 1410 1401 1313 1200 1214 1488 1270 1103 1422 1193 1113 1360 1277 1631 1439 1270 1371 1530 1433 1369 1301 1386 1394 1405 1689 1364 1346 1281 1606 1338 1425 1557 1420 1279 1400 1563 1356 1429 1285 1344 1238 1315 1281 1412 1457 1507 1354 1502 1210 1422 1375 1347 1321 1289 1205 1595 1367 1177 1357 1238 1468
1327 1202 1375 1384 1327 1295 1194 1285 1526 1217 1261 1425 1066 1148 1402 1280 1605 1394 1336 1299 1407 1370 1326 1390 1348 1278 1383 1463 1404 1396 1070 1418 1377 1383 1444 1479 1216 1355 1349 1354 1359 1157 1280 1206 1304 1293 1251 1378 1497 1331 1413 1074 1371 1458 1292 1294 1235 1247 1367 1357 1181 1246 1238 1179
1413 1319 1421 1473 1326 1173 1260 1374 1566 1291 1189 1391 1143 1330 1382 1422 1589 1279 1460 1495 1453 1520 1324 1433 1146 1353 1394 1328 1406 1364 1189 1272 1405 1443 1615 1517 1487 1470 1522 1390 1628 1124 1218 1147 1314 1382 1271 1429 1554 1488 1424 1229 1455 1416 1430 1184 1357 1405 1290 1292 1305 1193 1124 1370
1313 1025 1200 1248 1235 1145 1065 1232 1476 976 1237 1399 1070 947 1237 1290 1409 1310 1217 1299 1312 1333 1358 1382 1226 1233 1327 1285 1337 1271 1101 1381 1273 1364 1318 1382 1361 1240 1257 1283 1248 1102 1221 1123 1060 1374 1172 1317 1309 1248 1393 1122 1324 1396 1352 1090 1062 1127 1196 1241 1233 1148 1107 1238
1203 1188 1158 1256 1307 1141 1118 1239 1407 989 1018 1311 998 1048 1057 1138 1447 1151 1149 1135 1287 1194 1115 1245 1279 1206 1125 1369 1273 1329 1033 1193 1224 1169 1432 1334 1270 1236 1291 1142 1290 1028 1230 973 1185 1148 1161 1241 1256 1185 1265 1036 1151 1168 1182 1162 1158 1132 1189 1093 1055 1040 980 1152
1429 1247 1383 1461 1295 1305 1306 1283 1553 1245 1259 1381 1089 1311 1381 1407 1593 1278 1454 1453 1486 1370 1254 1462 1109 1366 1266 1366 1400 1388 1298 1368 1424 1339 1578 1494 1467 1308 1490 1435 1392 1223 1356 1158 1289 1486 1259 1332 1310 1469 1357 1271 1451 1465 1246 1335 1335 1281 1247 1289 1367 1283 1193 1399
1136 1035 1246 1205 1134 1016 975 1268 1359 976 1099 1349 1041 1020 1183 1135 1297 995 1138 1071 1261 1247 1096 1201 1138 1024 1158 1266 1202 1125 1096 1178 1253 1198 1262 1339 1287 1372 1240 1313 1285 967 1212 987 1068 1184 1066 1186 1199 1191 1308 995 1256 1283 1305 1084 1133 1048 1233 1142 1045 987 934 1156
1275 1299 1374 1390 1230 1168 1268 1328 1491 1110 1246 1410 1165 1197 1369 1313 1480 1252 1367 1501 1478 1432 1307 1430 1042 1341 1346 1331 1446 1359 1265 1378 1354 1357 1552 1441 1437 1326 1453 1342 1477 1231 1351 1191 1220 1557 1284 1351 1445 1336 1329 1323 1379 1381 1341 1144 1338 1271 1288 1231 1374 1228 1042 1375
1260 1219 1357 1337 1216 1217 1165 1323 1476 1092 1247 1276 1057 1117 1196 1213 1503 1370 1288 1234 1405 1415 1217 1337 1197 1226 1317 1390 1346 1341 1084 1330 1247 1325 1463 1311 1215 1251 1239 1348 1477 1081 1266 1074 1220 1273 1209 1422 1444 1314 1277 1235 1345 1426 1275 1076 1304 1250 1343 1351 1139 1087 1128 1246
1436 1259 1429 1421 1378 1287 1238 1343 1648 1122 1332 1468 1349 1346 1423 1309 1643 1389 1436 1405 1517 1544 1403 1541 1404 1383 1491 1570 1483 1351 1281 1659 1580 1549 1531 1590 1460 1328 1298 1479 1522 1174 1451 1251 1393 1321 1379 1604 1642 1493 1538 1242 1573 1571 1540 1287 1284 1280 1499 1351 1389 1313 1177 1407
1316 1189 1575 1584 1347 1352 1202 1440 1669 1257 1212 1510 1218 1304 1489 1433 1633 1333 1404 1493 1558 1420 1285 1533 1286 1423 1322 1588 1404 1280 1296 1516 1501 1434 1556 1561 1405 1436 1486 1394 1646 1354 1270 1285 1247 1462 1442 1502 1541 1495 1302 1229 1622 1396 1515 1240 1426 1309 1510 1390 1253 1346 1263 1575
1280 1202 1434 1390 1386 1271 1204 1373 1469 1144 1332 1505 1114 1142 1485 1281 1564 1370 1284 1338 1484 1515 1392 1402 1385 1288 1341 1578 1476 1310 1257 1403 1438 1470 1482 1481 1413 1361 1473 1379 1428 1259 1454 1195 1212 1440 1348 1501 1514 1356 1412 1280 1336 1453 1401 1258 1307 1249 1385 1332 1224 1183 1190 1377
1188 1148 1236 1294 1266 1012 1178 1280 1595 1018 1343 1442 1165 1246 1411 1247 1446 1331 1358 1313 1417 1488 1281 1226 1337 1370 1434 1466 1403 1159 1164 1452 1593 1449 1468 1525 1195 1428 1425 1348 1391 1193 1304 1254 1288 1342 1300 1412 1545 1242 1488 1249 1348 1407 1593 1195 1331 1306 1415 1359 1146 1092 1108 1282
1470 1267 1360 1542 1423 1276 1385 1358 1525 1221 1260 1494 1225 1372 1493 1266 1598 1287 1475 1467 1442 1425 1287 1322 1313 1476 1444 1583 1490 1344 1375 1566 1505 1445 1544 1617 1501 1383 1611 1493 1457 1361 1382 1180 1234 1466 1331 1378 1402 1324 1426 1340 1398 1354 1408 1334 1315 1385 1500 1286 1315 1337 1197 1339
1620 1307 1535 1462 1560 1346 1420 1406 1702 1388 1401 1450 1267 1282 1541 1438 1689 1615 1566 1540 1583 1542 1436 1382 1451 1521 1562 1591 1650 1249 1384 1585 1488 1491 1600 1663 1446 1617 1691 1607 1487 1403 1602 1339 1444 1584 1417 1535 1629 1454 1398 1325 1615 1505 1553 1366 1501 1291 1598 1550 1240 1394 1290 1494
1247 1120 1265 1270 1221 1096 1105 1248 1429 1049 1224 1313 1113 998 1192 1128 1382 1209 1193 1237 1297 1285 1208 1169 1129 1352 1212 1376 1254 1145 1117 1326 1185 1267 1305 1305 1304 1112 1236 1260 1410 1205 1132 1076 1131 1263 1163 1263 1194 1210 1238 1152 1301 1223 1196 1144 1116 1156 1127 1180 1025 1188 968 1329
1339 1068 1192 1134 1207 1089 1148 1235 1468 933 1134 1230 1031 1069 1392 1213 1208 1170 1197 1227 1348 1223 1271 1287 1083 1267 1229 1278 1261 1290 1064 1290 1210 1303 1436 1402 1167 1205 1307 1213 1246 1016 1167 989 1206 1313 1133 1249 1405 1212 1275 1176 1177 1224 1377 1135 1245 1070 1273 1134 1067 1033 1049 1143
1365 1281 1427 1360 1330 1183 1218 1309 1579 1135 1135 1423 1262 1112 1422 1127 1609 1405 1286 1507 1547 1377 1338 1284 1202 1355 1461 1487 1457 1306 1120 1384 1367 1397 1570 1434 1320 1421 1556 1233 1545 1122 1360 1180 1291 1409 1302 1323 1497 1298 1423 1285 1402 1286 1238 1170 1259 1327 1505 1267 1352 1215 1115 1272
1353 1272 1352 1273 1308 1225 1109 1292 1538 1017 1040 1319 1135 1172 1148 1223 1351 1192 1312 1262 1291 1449 1279 1237 1235 1210 1238 1432 1206 1308 1243 1298 1388 1409 1413 1462 1302 1279 1405 1282 1389 1134 1194 1065 1195 1304 1214 1405 1427 1286 1439 1154 1329 1268 1348 1239 1214 1206 1409 1346 1213 1240 1217 1354
1204 996 1252 1255 1095 1174 1044 1231 1468 994 940 1194 1057 1142 1221 1055 1424 1131 1149 1169 1359 1143 1132 1297 1069 1092 1144 1235 1180 1276 976 1218 1173 1186 1309 1239 1173 1129 1168 1180 1339 1078 1136 1000 1113 1241 1126 1114 1216 1226 1281 895 1196 1270 1209 1112 1071 1107 1302 1157 1100 1180 1023 1113
