0 0 0 0 0 0 0 0 28 35 0 0 0 0 60 0 0 13 6 48 0 24 48 0 10 0 25 20 5 0 0 0 0 0 0 0 0 0 14 24 0 30 45 0 36 30 0 10 0 48 49 0 0 0 0 0 0 0 0 0 0 0 0 0
48 0 6 0 0 2 0 12 18 30 6 6 8 0 0 0 18 24 11 72 0 36 72 0 0 0 0 0 0 58 0 6 0 0 0 0 10 10 6 2 0 18 30 0 54 24 0 0 0 72 36 10 18 0 8 0 18 72 12 0 0 0 0 66
0 0 15 0 0 0 8 0 44 9 0 0 0 0 0 48 0 0 0 0 12 24 0 0 6 0 0 10 0 20 0 7 0 1 0 0 0 0 0 18 0 30 0 0 0 54 0 0 0 30 3 0 3 0 0 9 0 0 0 25 0 0 0 0
0 0 0 0 10 45 72 9 111 81 36 18 54 0 0 102 103 0 0 0 6 54 0 0 69 0 0 0 0 0 0 63 0 9 0 0 0 27 7 39 0 60 0 0 24 55 72 0 0 72 27 0 48 135 0 81 0 88 14 0 21 40 0 0
57 24 0 0 0 35 0 2 32 44 15 72 0 0 83 0 0 8 56 86 4 0 36 24 74 96 25 20 13 109 0 68 5 0 32 0 48 5 57 0 0 0 45 8 0 5 0 42 0 58 56 16 0 0 16 35 0 32 89 24 0 8 0 28
60 0 5 0 0 0 0 20 0 0 0 28 0 0 2 20 28 0 0 12 0 0 0 0 18 0 15 30 3 30 0 0 22 0 0 20 0 0 0 0 0 0 27 0 0 0 0 6 10 12 54 48 0 0 20 42 36 8 0 0 0 0 0 44
36 0 124 0 0 18 0 0 66 9 89 56 0 0 0 0 72 8 54 0 0 0 40 14 30 25 0 32 0 20 54 86 0 68 0 98 56 0 0 12 0 0 0 36 9 64 0 0 0 0 0 0 0 0 0 32 0 0 0 0 8 0 72 64
0 45 27 30 12 0 0 58 0 0 0 0 0 0 8 54 48 0 0 10 0 0 67 0 111 0 25 81 0 81 0 1 72 0 0 73 7 90 27 81 0 66 0 4 48 8 72 0 60 54 30 118 5 0 0 0 0 74 0 45 51 88 0 23
0 56 9 0 21 0 0 57 0 12 3 20 39 0 66 0 21 0 0 0 15 21 126 52 68 117 0 0 0 137 0 3 36 14 0 42 5 5 0 21 0 9 21 0 0 0 0 70 15 35 66 24 0 0 0 24 16 12 0 0 0 28 56 78
37 74 20 0 4 25 0 32 6 42 46 58 82 0 0 22 26 16 5 6 0 0 0 0 50 0 0 0 37 45 0 0 2 0 0 2 42 18 9 5 0 24 20 0 0 0 32 54 24 0 9 81 0 44 35 0 18 45 0 8 0 8 0 66
84 69 36 12 6 5 0 28 54 39 4 26 48 6 12 3 114 28 54 0 0 16 56 16 42 41 54 12 0 28 54 0 0 0 54 14 0 0 0 46 0 26 42 0 9 20 62 28 0 0 12 49 0 8 0 0 0 15 0 0 0 52 72 0
20 2 80 4 0 5 64 0 64 72 34 120 72 34 12 51 0 4 0 0 0 16 0 12 92 2 18 4 0 0 0 60 0 8 18 0 0 0 36 20 0 58 0 0 0 20 58 0 32 0 24 0 24 8 0 72 0 0 0 0 0 0 28 0
20 0 4 4 42 22 48 59 64 74 8 8 7 0 25 80 0 4 0 0 30 0 36 0 39 0 0 0 64 18 0 75 9 6 64 21 7 52 8 0 0 0 18 4 0 48 0 18 9 8 46 8 18 0 0 130 24 4 0 0 0 0 0 9
36 0 0 0 0 0 0 0 0 0 0 24 0 0 24 0 0 0 0 0 0 0 12 0 0 0 24 0 0 42 0 0 0 0 0 0 0 0 0 0 0 36 0 0 0 0 0 0 0 0 0 0 0 0 0 0 0 0 0 0 0 42 0 0
0 9 0 6 0 10 0 0 8 0 46 0 0 0 0 0 0 0 0 2 0 0 72 0 54 61 5 0 16 53 0 8 0 0 16 18 0 34 10 9 0 0 0 0 0 10 0 72 0 0 6 0 1 16 0 0 0 0 14 0 0 8 0 8
0 0 28 0 63 0 0 0 0 0 0 56 49 0 0 0 0 0 1 8 45 0 62 0 21 0 0 0 0 0 0 4 0 0 0 36 28 0 0 0 0 0 27 16 6 32 0 0 28 8 0 16 0 0 0 72 0 0 0 0 0 0 0 28
40 58 56 40 0 0 0 0 6 0 72 64 25 69 0 0 3 0 0 10 0 3 0 15 42 5 70 10 0 45 0 21 0 18 45 67 49 18 72 55 0 64 0 28 0 56 109 60 0 5 30 0 5 12 0 8 1 0 0 0 2 40 64 49
0 24 6 0 0 7 16 75 36 70 0 38 18 0 30 66 28 5 0 0 0 0 63 54 93 0 0 63 45 57 0 14 0 2 0 0 0 14 37 0 0 0 18 0 0 0 72 63 0 62 122 110 40 28 0 18 40 0 0 35 9 42 0 48
0 2 60 24 4 8 56 36 56 97 0 16 26 22 0 42 72 0 4 4 0 0 0 0 58 2 18 26 0 80 0 49 0 7 18 0 0 8 0 8 0 48 12 0 0 0 18 12 0 112 21 20 29 56 16 63 0 36 10 40 8 0 0 36
16 0 0 0 0 0 0 56 36 0 0 0 0 0 0 98 0 0 0 0 12 24 56 0 72 0 0 96 0 0 0 0 0 0 0 0 0 0 24 18 0 0 0 0 72 54 64 0 0 0 0 48 0 0 0 0 6 0 0 0 8 0 0 0
0 0 0 0 0 46 0 0 0 6 36 0 58 0 49 63 0 0 1 0 0 0 70 12 54 56 0 42 18 44 0 0 7 0 0 0 0 0 18 1 0 54 0 0 0 0 120 0 0 12 0 41 10 72 4 0 16 9 0 14 6 0 0 9
0 0 56 0 0 0 0 0 0 0 35 56 0 0 0 0 0 0 0 0 0 0 0 14 0 0 0 0 0 0 0 0 0 0 0 0 0 0 0 0 0 0 0 0 0 0 0 0 0 0 0 0 0 0 0 0 0 0 0 0 0 0 0 0
0 0 3 0 0 15 0 0 27 0 6 63 35 0 63 45 63 35 36 27 0 74 36 0 0 96 0 38 0 61 0 0 74 28 21 9 0 0 24 0 0 6 0 0 0 36 0 0 0 6 0 0 55 0 45 12 116 81 71 5 0 14 36 33
0 56 24 8 0 77 72 5 72 81 54 0 5 0 1 78 21 5 0 0 0 21 0 26 68 72 10 0 0 36 0 81 17 75 3 68 0 0 45 0 0 0 25 0 0 0 0 42 35 35 27 8 31 0 0 105 12 4 63 0 6 2 56 41
0 0 0 0 35 0 72 0 12 0 0 35 0 54 0 25 35 18 0 24 25 24 36 63 0 0 0 0 0 0 0 0 5 0 0 5 0 54 4 0 0 0 15 0 0 16 0 0 30 0 63 9 12 0 25 76 45 54 8 0 0 0 0 0
0 24 72 40 0 0 0 24 0 9 0 0 27 40 0 0 32 0 0 22 0 0 0 15 46 0 0 0 24 0 0 0 0 0 0 0 36 0 6 21 0 0 0 0 0 0 0 0 0 0 27 24 9 0 0 0 0 0 0 0 0 0 0 18
0 93 0 0 0 0 64 20 91 114 0 40 24 0 0 48 0 0 0 0 0 54 0 32 48 0 0 0 0 0 0 56 0 8 0 0 0 0 9 0 0 0 24 0 0 36 0 56 0 0 102 35 69 0 0 72 0 81 18 0 0 56 0 0
0 72 0 0 0 0 0 56 12 0 0 0 20 0 0 14 0 20 0 0 4 8 56 0 82 35 0 42 42 28 0 0 32 16 12 14 0 72 0 6 0 16 0 0 64 18 0 0 21 0 0 91 23 0 0 7 20 0 0 0 56 8 0 12
45 0 0 10 0 43 0 27 0 0 2 45 0 0 0 30 0 0 35 45 0 0 11 15 10 0 0 15 16 44 0 8 0 0 16 10 30 25 0 0 0 0 0 0 0 10 0 9 5 30 20 10 0 0 0 0 0 3 0 0 0 5 0 0
64 12 0 0 7 0 0 0 0 24 0 22 0 0 14 0 73 32 0 0 5 0 14 0 38 16 15 36 27 10 0 32 2 0 12 0 0 0 0 0 0 0 70 0 0 0 0 22 12 56 0 20 4 49 0 12 0 16 20 12 0 0 0 0
80 24 8 0 0 21 72 0 68 2 7 72 0 54 0 49 16 18 68 81 14 28 16 87 64 0 0 0 0 56 12 127 0 0 24 0 48 0 0 35 0 0 0 0 2 63 0 32 0 64 63 57 0 0 0 92 0 32 40 24 0 8 16 0
0 0 0 0 0 0 0 0 6 0 0 0 0 0 0 7 0 0 0 0 2 4 7 2 2 0 9 4 1 0 0 0 0 0 0 16 0 63 0 3 0 0 19 0 0 9 0 2 47 0 0 0 0 0 0 0 0 21 0 0 0 0 0 0
45 0 0 0 0 0 0 27 0 0 0 18 0 72 0 0 0 12 0 0 0 0 0 0 90 0 0 48 0 0 0 9 0 6 0 0 0 81 81 0 0 90 0 6 72 0 72 0 0 0 0 0 0 0 0 0 0 0 0 0 63 0 63 12
0 51 20 0 16 27 0 0 18 40 9 75 35 0 0 25 44 0 0 15 0 9 0 9 125 0 0 24 0 0 0 153 5 6 27 5 0 0 0 18 0 0 48 0 0 0 0 54 20 15 0 0 32 0 25 0 48 36 85 27 32 0 24 0
0 6 0 0 0 0 0 0 0 0 18 0 0 0 6 0 0 2 0 0 0 8 0 0 16 0 0 0 0 12 0 34 0 0 6 0 30 30 0 8 0 64 0 0 0 10 0 8 0 0 0 0 0 0 0 0 54 8 10 6 0 0 0 0
23 0 59 44 0 70 56 117 48 108 34 12 133 36 19 81 24 12 63 7 0 30 15 52 48 0 12 54 72 146 0 99 79 14 78 70 35 161 0 72 0 87 0 0 0 45 8 0 80 2 55 102 26 8 36 83 73 136 48 0 0 25 54 141
39 56 78 30 0 0 0 0 36 6 0 0 0 30 0 0 93 0 99 6 0 56 7 21 32 0 0 72 8 0 36 0 0 14 0 0 0 63 0 0 0 0 0 0 6 0 0 42 35 35 12 56 0 0 0 21 7 21 56 16 0 16 167 0
48 72 10 0 0 10 0 40 0 0 4 32 0 0 27 10 14 9 14 24 0 36 4 8 0 16 4 4 0 54 0 0 2 0 0 18 12 0 10 36 0 57 10 0 0 45 0 0 12 40 24 60 0 0 10 56 18 0 14 10 0 2 0 40
30 12 0 0 24 0 40 0 0 0 0 0 18 30 0 0 0 10 0 5 0 0 0 35 0 0 0 0 30 0 0 0 0 0 0 0 0 0 54 0 0 0 0 0 0 0 0 0 24 0 89 5 0 0 30 20 0 0 0 0 0 0 0 0
0 45 0 30 0 0 0 0 0 0 0 10 0 0 15 6 35 5 0 10 0 20 11 0 9 0 25 7 0 45 0 9 0 0 0 81 63 36 3 65 0 25 0 36 0 97 8 0 20 40 30 6 5 35 0 0 0 12 0 0 1 40 0 63
40 0 0 0 0 0 0 7 0 29 12 5 0 0 0 0 15 20 4 32 14 0 35 4 0 0 8 0 0 8 0 12 0 0 0 32 20 47 0 0 0 36 45 28 24 0 0 0 39 32 0 0 0 0 56 0 36 9 0 0 0 0 0 0
28 0 52 0 16 0 0 0 42 7 36 0 0 0 0 0 120 0 42 0 0 0 0 0 0 0 0 0 0 0 42 18 0 48 0 12 0 0 0 48 0 0 0 0 7 0 0 0 0 0 0 0 0 0 0 24 0 40 0 0 6 64 56 0
0 0 56 0 0 24 0 15 16 0 43 56 0 0 3 42 0 0 0 0 0 0 49 17 63 0 6 49 0 0 0 72 27 0 0 48 0 0 21 16 0 0 15 0 0 0 56 0 33 0 0 66 0 0 0 0 0 12 0 0 7 0 0 6
10 0 28 0 0 0 0 35 24 0 0 56 49 0 0 0 0 0 0 0 0 48 0 0 21 0 0 49 24 0 0 0 0 0 0 0 0 0 8 0 0 0 0 0 45 32 0 0 40 0 0 84 28 0 0 4 0 72 16 0 0 0 0 0
35 9 32 0 14 0 0 0 12 0 0 78 56 56 0 0 0 0 0 0 10 24 12 4 118 0 8 0 30 0 0 31 0 0 9 32 42 0 67 0 0 56 26 0 0 16 56 12 56 0 0 0 12 0 0 16 0 48 23 13 0 4 49 21
35 0 0 8 4 32 0 64 0 0 0 0 72 0 0 24 16 0 36 35 0 20 9 44 0 0 8 36 0 0 0 0 0 0 0 40 0 81 15 68 0 0 20 0 0 0 0 0 69 14 0 0 0 0 0 61 0 37 32 0 0 16 36 0
18 0 24 0 14 0 0 0 0 0 0 12 0 0 75 42 56 10 89 64 0 45 155 0 63 72 12 228 42 98 0 0 9 5 0 0 0 0 21 42 0 66 0 5 48 0 56 0 21 112 0 77 7 0 0 34 0 35 72 40 7 77 81 10
25 0 0 0 0 0 8 0 50 9 27 0 0 0 0 55 0 4 0 49 14 28 0 0 6 0 0 16 0 18 0 34 0 3 0 0 45 45 21 21 0 81 0 2 0 63 0 0 0 10 3 0 3 0 0 44 81 0 0 0 0 0 0 4
56 0 0 0 0 3 64 0 108 93 1 7 0 0 49 97 21 28 0 0 14 28 37 0 48 56 0 0 0 35 0 65 7 8 0 0 0 81 0 23 0 0 35 0 0 63 0 0 45 0 24 0 24 0 0 72 0 27 0 0 0 0 0 0
56 0 0 0 0 0 0 0 0 21 8 7 40 0 0 0 21 68 9 79 0 0 72 0 35 0 0 0 92 0 0 32 64 32 88 0 42 40 3 0 0 0 35 0 54 40 0 0 0 72 0 0 32 0 0 0 40 0 0 0 0 16 0 45
12 90 0 0 0 0 0 36 0 0 6 8 0 0 20 12 0 4 0 0 0 16 18 0 42 0 8 14 48 14 0 48 0 0 57 0 0 30 6 16 0 32 0 0 0 50 16 12 0 0 0 75 0 0 0 0 0 12 15 9 2 14 0 0
32 0 0 0 0 0 32 0 32 36 0 72 15 0 0 24 0 15 56 72 0 0 16 24 24 0 0 0 0 56 0 28 24 16 9 0 48 0 0 0 0 0 0 0 0 0 0 0 0 48 12 16 24 0 0 36 15 0 0 0 0 14 0 9
0 0 0 0 0 5 0 117 0 0 0 0 81 0 0 0 0 0 18 0 0 10 0 45 0 0 0 18 0 15 0 0 0 0 0 0 0 10 0 63 0 0 0 0 0 0 0 15 0 0 0 0 0 0 0 6 0 0 16 0 0 0 18 0
25 10 0 0 20 0 0 15 0 21 0 35 36 0 0 0 0 0 0 0 0 0 16 28 37 10 0 0 25 8 0 0 0 0 0 4 0 45 45 0 0 10 21 0 40 0 0 49 20 0 66 0 0 0 25 0 0 0 0 0 35 49 0 0
8 36 0 0 18 0 0 16 0 3 0 1 0 0 0 0 75 4 0 0 0 0 0 0 0 0 0 0 0 0 0 0 0 0 0 0 0 0 0 54 0 0 5 0 0 0 0 0 0 0 0 28 0 0 0 0 0 45 0 0 0 72 0 0
32 27 8 0 0 0 0 12 12 2 0 54 40 0 0 0 16 40 54 54 0 0 12 18 0 0 0 0 0 42 12 0 64 32 24 0 36 0 0 0 0 0 0 0 2 0 0 0 0 36 0 33 32 0 0 0 40 0 0 0 0 22 16 24
0 8 72 56 0 0 24 56 24 27 0 0 103 48 0 18 32 10 0 8 0 0 0 35 34 8 72 56 0 0 0 21 0 8 72 0 0 0 0 65 0 0 0 5 0 0 72 0 0 0 9 0 9 0 0 27 0 0 0 0 0 0 0 10
0 0 0 0 0 0 0 0 0 0 0 0 0 0 0 0 0 0 8 64 0 0 64 12 0 0 0 0 24 0 0 0 0 0 0 0 0 0 0 0 0 0 0 0 48 0 0 0 0 76 0 0 10 0 0 0 16 0 0 26 0 12 0 0
0 72 25 0 0 24 24 40 16 0 32 0 0 18 8 0 27 6 0 3 0 27 0 48 57 0 35 34 27 12 0 84 72 50 0 72 30 0 0 16 0 18 63 0 0 0 0 68 40 63 21 67 0 0 0 28 9 32 0 15 4 0 72 31
5 6 0 8 20 0 0 0 8 40 40 0 23 4 27 0 0 9 0 0 0 36 0 0 32 4 36 32 5 0 0 0 0 0 36 0 0 24 9 44 0 45 48 0 0 45 36 72 4 0 9 0 32 16 5 0 0 0 40 0 32 0 0 0
0 0 0 0 24 0 64 0 64 102 0 0 0 0 0 48 48 4 0 0 0 0 0 0 72 0 0 34 0 0 0 56 0 10 0 0 0 0 0 36 0 0 36 2 0 0 0 0 0 0 24 56 48 0 0 72 0 30 30 0 24 48 0 4
0 59 0 10 0 0 0 24 18 0 0 0 25 5 0 21 0 0 0 35 6 12 72 0 58 50 55 18 2 36 0 0 0 0 45 18 0 0 15 19 0 0 18 0 0 27 45 4 0 0 0 42 0 0 0 0 0 0 0 0 0 0 0 0
100 90 0 0 36 0 0 0 0 48 0 35 48 0 24 0 0 22 0 0 0 32 0 28 14 0 0 131 99 0 0 0 0 7 0 0 0 0 81 32 0 40 21 7 0 40 0 49 63 8 211 45 36 0 45 37 0 0 0 0 0 49 0 14
42 72 0 0 0 1 0 42 6 36 12 5 7 0 49 7 0 0 1 0 2 4 28 4 0 56 0 30 0 52 0 12 7 0 0 0 20 20 0 4 0 36 3 0 54 9 0 7 0 12 84 5 27 0 4 42 36 9 0 0 0 7 0 9
