45 9 54 14 0 0 49 37 0 36 9 0 0 32 0 0 0 8 6 20 14 9 0 0 0 70 0 0 0 81 1 5 0 12 0 42 2 0 0 0 72 109 0 0 0 0 35 56 14 36 0 8 0 3 0 0 28 8 45 0 6 53 24 0
2 0 0 6 0 0 30 0 0 30 14 0 0 0 0 0 0 0 0 25 0 12 0 0 0 0 42 0 20 0 9 0 0 0 0 0 0 0 0 42 0 0 0 15 49 0 8 0 0 0 0 0 0 0 0 0 0 0 20 42 1 44 18 5
0 0 0 81 0 0 0 0 28 90 56 0 0 0 0 0 0 0 0 0 0 0 40 0 0 0 54 0 0 0 45 72 0 18 27 0 16 72 0 54 0 0 81 0 63 0 81 0 40 0 0 63 0 16 0 24 0 0 0 54 0 48 0 0
6 0 0 0 0 0 137 0 0 48 42 0 0 35 0 67 83 0 0 0 6 36 27 0 0 40 79 0 0 88 54 0 0 30 0 68 0 30 0 0 8 34 56 35 9 0 24 0 18 0 0 0 45 0 0 0 45 0 0 16 10 30 61 65
0 5 30 0 16 48 63 0 0 36 0 0 32 0 32 21 35 0 0 34 0 0 63 0 0 0 48 0 0 45 0 0 56 0 16 0 0 28 0 58 40 0 0 0 77 0 0 0 40 0 48 6 40 0 0 0 72 0 25 48 4 25 8 24
0 45 0 63 0 36 0 36 8 0 18 0 24 0 0 40 32 0 0 18 0 30 72 0 0 4 74 0 1 0 35 0 0 14 21 34 0 0 72 0 32 0 84 81 0 63 66 25 30 0 0 49 0 27 0 16 10 0 27 64 0 0 0 9
73 0 0 0 35 44 0 0 6 56 49 1 33 0 45 64 0 7 0 18 0 42 0 8 0 2 63 0 0 21 0 0 0 35 0 0 0 0 0 0 0 0 0 0 35 0 31 89 30 21 0 14 0 0 0 40 30 0 10 0 0 35 63 0
49 39 42 0 35 0 0 0 0 60 28 0 0 28 45 0 0 0 12 0 42 24 0 0 16 0 48 0 0 63 0 0 0 0 30 30 0 0 0 54 56 0 0 0 35 0 64 40 0 0 36 0 0 0 18 40 30 0 45 0 30 55 36 0
0 0 0 0 0 64 0 4 0 0 0 0 0 8 56 0 0 0 0 0 0 0 72 0 0 0 0 8 0 0 0 32 0 24 0 0 0 0 0 72 0 0 40 96 0 0 16 0 0 48 0 0 0 0 0 0 0 0 4 0 0 16 0 0
0 1 30 9 0 88 103 0 42 4 16 16 63 0 104 107 0 0 26 0 0 22 72 74 0 41 54 2 0 27 0 27 0 30 0 100 0 20 0 0 8 54 40 64 0 0 82 0 9 60 0 49 0 21 0 0 36 21 5 0 0 5 33 57
24 0 0 16 20 0 32 0 0 0 0 4 0 0 20 18 43 0 36 0 0 4 0 0 3 62 39 18 47 7 0 0 0 0 0 113 0 7 0 51 0 12 12 0 0 0 28 0 22 0 9 0 9 20 0 0 17 0 0 0 23 0 6 24
8 0 0 0 16 0 0 0 10 109 127 0 0 32 56 0 0 36 0 0 72 48 97 34 0 0 32 20 20 0 72 45 0 0 0 0 42 45 0 0 0 0 40 64 0 9 48 0 88 48 0 0 0 10 12 0 0 0 0 0 45 70 72 0
0 0 12 9 5 16 2 3 0 0 29 32 0 6 90 0 1 0 81 49 0 0 0 0 0 8 0 6 25 7 0 0 0 0 0 36 0 0 7 45 0 0 0 24 21 0 0 0 27 36 0 0 9 25 0 0 9 49 3 0 2 7 0 9
0 0 0 3 2 0 34 40 8 36 28 5 0 20 13 71 36 0 30 0 2 0 20 0 4 0 74 0 0 41 0 36 14 35 0 36 8 36 9 5 0 13 72 20 10 0 45 45 20 0 12 0 10 8 0 0 21 0 0 0 0 24 6 50
0 0 48 0 0 136 8 0 54 0 32 9 81 0 64 72 0 0 0 0 18 0 0 72 0 18 0 0 0 0 0 0 0 0 0 0 0 0 0 0 0 81 0 0 0 0 27 0 0 0 0 63 0 0 0 0 0 0 0 0 0 0 0 0
0 0 6 72 0 8 43 0 0 0 4 0 0 0 8 0 4 0 18 0 63 0 0 12 0 38 72 12 0 28 40 0 0 16 69 61 0 0 0 81 0 12 72 0 0 0 154 0 36 0 0 56 36 0 27 0 44 0 0 0 53 0 0 0
45 0 0 0 70 3 0 0 28 0 0 0 0 24 57 9 0 0 63 0 0 0 0 0 0 0 0 0 0 0 0 0 0 0 0 0 0 0 0 0 0 16 0 0 35 0 0 40 0 0 0 0 0 0 0 40 30 0 10 0 0 16 18 36
6 0 6 0 10 8 64 16 0 0 12 0 0 0 32 40 0 2 18 0 0 0 32 0 0 27 45 0 0 15 0 0 42 25 0 54 0 0 0 0 0 54 4 4 0 0 45 14 0 6 36 2 30 12 0 0 90 0 12 0 0 0 6 18
0 32 0 12 0 0 0 0 0 0 0 0 0 28 20 6 0 0 0 0 0 0 0 36 16 0 0 0 0 0 0 54 35 0 0 0 0 24 0 0 0 0 0 0 0 0 0 0 0 0 66 0 25 42 0 0 45 42 0 0 0 0 47 15
0 0 63 35 0 64 8 111 18 0 0 3 27 54 7 45 9 0 42 0 14 0 0 24 0 69 8 0 45 5 9 65 0 15 14 9 18 0 0 45 0 1 64 5 14 0 72 63 0 0 0 21 0 0 10 0 21 72 7 0 54 82 1 9
15 0 0 0 0 0 56 18 42 0 0 0 0 35 0 0 71 5 0 0 0 0 0 0 0 127 7 0 81 91 0 0 0 0 0 71 0 0 0 0 0 31 56 35 0 0 0 35 0 15 0 5 72 0 18 0 72 0 0 0 16 24 7 117
6 7 0 0 32 0 8 99 0 0 0 0 0 5 7 61 0 2 52 20 35 0 0 0 2 0 58 54 14 0 0 0 0 38 57 25 5 2 0 75 0 0 56 0 14 0 103 77 4 6 6 14 0 0 15 0 0 0 0 56 47 0 1 0
0 64 63 35 0 4 56 0 0 14 18 0 0 172 24 12 63 0 13 0 14 25 0 0 32 28 56 1 0 35 0 0 0 0 14 68 0 0 0 42 0 7 56 35 49 0 0 0 0 24 72 0 0 6 0 0 21 0 7 42 0 0 79 72
0 25 0 0 0 0 0 0 0 0 0 0 0 0 16 0 0 0 2 0 0 14 0 0 0 0 0 2 0 0 0 0 0 0 0 10 0 0 40 0 0 0 0 40 0 35 0 0 0 0 0 0 0 0 0 0 0 0 0 0 0 0 0 18
0 6 66 18 12 72 17 0 34 37 20 34 36 0 40 56 4 0 0 24 0 0 0 32 24 40 72 0 0 82 0 0 21 0 0 4 21 0 54 60 48 0 0 0 50 18 12 0 0 0 0 28 36 0 0 20 54 0 30 30 8 30 0 48
14 5 18 0 0 24 3 0 0 112 47 0 0 0 151 38 0 3 0 0 0 30 81 0 5 0 45 78 35 0 0 0 0 0 0 0 0 5 8 25 72 0 93 80 0 7 38 21 10 63 15 3 0 32 0 0 0 0 0 0 35 25 45 0
0 45 0 0 109 0 0 8 0 25 90 0 0 0 78 3 0 32 99 103 73 27 16 16 0 0 0 0 0 0 64 0 0 0 64 0 0 2 9 40 0 0 2 2 27 17 0 0 56 36 0 24 2 15 0 0 0 63 6 0 56 9 72 0
4 30 12 0 55 40 0 0 14 95 101 2 42 0 10 0 0 24 45 0 60 24 35 12 0 0 0 0 46 0 48 83 0 15 0 62 14 63 0 75 0 54 0 0 0 6 70 0 77 36 0 0 0 24 0 0 0 0 0 0 30 72 36 0
0 1 0 26 0 0 36 9 0 27 0 24 0 6 52 19 20 0 64 0 0 0 36 0 0 0 0 30 0 0 10 0 49 9 6 0 0 16 0 0 27 0 36 24 12 0 18 0 24 32 42 14 35 12 0 0 63 0 3 8 0 0 7 29
0 0 0 0 0 0 0 0 0 0 3 0 0 0 11 0 0 0 0 7 0 0 0 0 0 0 0 0 0 0 0 0 7 0 0 0 0 0 1 0 0 0 0 0 3 0 0 0 0 0 6 0 5 0 0 0 9 7 0 0 0 1 1 3
0 0 0 48 8 54 12 0 0 45 0 0 36 16 160 5 0 0 8 37 0 56 72 8 0 0 16 48 18 0 72 0 0 0 0 40 16 0 0 0 45 0 70 70 0 0 16 0 45 48 0 0 0 20 6 0 0 0 8 0 8 44 0 112
0 57 0 6 0 0 108 35 0 60 43 0 0 0 49 26 35 64 2 0 40 83 63 0 0 0 0 30 0 0 25 35 0 0 0 36 14 39 48 0 45 0 30 48 21 42 0 0 3 4 0 0 0 21 0 0 0 56 0 0 43 68 20 41
0 0 0 0 0 5 0 0 0 4 6 0 0 40 34 47 0 0 0 46 0 0 0 0 0 0 0 0 0 0 0 0 28 0 0 0 28 0 2 0 0 0 0 0 26 24 0 0 0 0 0 0 0 0 0 0 0 14 0 0 0 2 30 0
0 11 24 0 0 0 29 56 0 16 25 0 0 5 40 84 9 40 5 0 25 80 0 0 0 58 64 47 63 62 0 0 0 70 0 52 0 0 0 0 32 19 8 5 0 0 15 0 0 0 0 0 0 0 14 0 12 0 20 56 0 25 1 54
54 6 0 0 90 0 56 43 0 27 0 0 0 14 78 27 0 0 0 30 0 0 0 24 0 0 0 92 0 0 0 0 0 30 48 0 0 0 0 30 27 0 18 56 42 0 0 48 72 0 0 18 0 12 0 48 36 0 19 48 12 0 0 0
0 0 0 0 0 8 77 19 0 0 0 0 0 99 32 24 7 0 0 0 0 0 0 9 0 98 0 9 54 49 0 0 0 21 0 7 35 0 0 0 0 0 0 0 0 0 0 0 27 0 0 0 63 0 12 0 63 0 0 0 14 0 55 0
54 0 69 15 66 104 7 35 2 72 40 0 0 69 166 7 0 8 0 0 11 9 5 24 0 12 51 72 30 0 7 68 0 18 6 0 64 9 0 54 63 0 42 0 42 0 0 48 5 0 0 0 0 30 18 48 45 56 15 0 42 75 0 0
0 0 0 8 0 0 96 72 0 0 0 0 0 0 9 100 30 0 54 0 9 0 54 24 0 18 54 0 0 18 0 36 0 30 0 36 0 42 0 0 0 36 72 0 36 9 111 81 0 0 0 0 2 28 0 0 24 28 0 0 0 0 28 0
0 0 0 0 71 0 54 0 18 18 0 0 0 72 0 36 30 0 63 0 54 3 54 36 0 12 126 45 45 0 0 0 0 0 0 0 72 36 0 54 0 0 0 0 81 54 0 0 0 0 0 0 12 0 27 0 0 0 0 54 0 0 0 0
0 0 0 7 0 6 0 0 0 0 0 21 0 48 87 50 0 0 56 0 0 0 81 0 0 0 36 0 0 12 0 0 0 20 0 0 0 0 0 0 0 0 45 72 0 0 18 0 21 82 0 0 0 0 0 0 0 0 0 0 0 0 36 7
0 63 63 35 39 1 0 6 24 35 0 0 0 65 25 3 0 0 63 0 14 4 0 4 0 65 15 5 32 0 0 0 0 0 14 0 8 0 0 0 0 0 0 0 0 0 0 0 0 0 0 0 0 0 9 0 21 0 7 0 0 0 6 0
7 58 42 0 0 0 0 63 0 64 49 0 36 49 0 18 0 0 0 0 54 42 0 0 28 30 0 0 0 18 21 15 0 0 0 0 6 12 0 0 40 0 0 0 0 54 34 0 0 0 63 0 12 0 0 0 0 24 52 0 18 69 63 0
12 0 0 8 56 42 72 0 28 18 20 0 28 0 16 34 0 20 0 56 76 16 0 10 0 12 36 12 0 0 40 0 0 0 56 72 0 24 0 35 34 16 12 0 0 41 0 0 78 0 0 21 8 8 0 0 0 0 0 32 39 16 24 112
18 136 99 45 61 81 72 46 4 15 0 0 63 163 21 79 0 3 30 0 36 0 9 16 32 36 113 32 74 24 72 0 0 40 90 72 41 0 0 18 0 0 45 56 10 0 128 66 0 69 72 3 0 0 12 8 27 0 15 0 0 0 9 0
87 0 0 20 49 7 0 4 0 13 0 12 0 56 131 61 45 0 37 40 6 89 0 0 0 38 24 5 18 0 0 0 35 0 0 70 35 0 0 24 0 27 18 0 102 30 0 101 28 16 0 0 0 0 4 56 60 0 14 24 0 0 42 49
54 8 0 0 42 0 62 48 0 0 6 0 0 20 62 32 36 0 4 25 0 6 0 0 0 0 4 48 20 20 0 0 14 40 0 36 0 0 0 0 0 4 32 35 42 0 0 48 0 8 12 0 10 2 0 48 54 0 32 64 0 30 22 42
0 0 0 0 0 3 0 0 56 0 16 0 0 24 12 9 0 16 0 0 32 0 0 8 0 0 0 0 0 0 32 0 0 0 0 0 0 0 0 0 0 32 0 0 0 4 0 0 28 0 0 0 0 0 0 0 0 0 0 0 20 32 18 72
0 48 10 7 0 9 0 96 28 27 52 21 12 114 93 45 0 64 86 28 40 72 0 0 24 10 0 18 0 0 14 40 0 0 0 0 16 0 4 0 35 16 58 0 22 0 47 45 21 28 54 0 0 12 0 0 0 92 14 0 48 92 54 43
0 0 30 0 20 40 33 45 0 0 38 0 0 40 40 0 0 0 12 0 10 18 0 20 0 12 40 25 25 0 9 45 0 0 0 24 58 0 0 0 0 69 0 0 0 0 20 0 0 24 0 0 0 6 15 0 16 72 0 0 54 72 48 0
0 5 30 0 0 0 63 6 24 20 0 0 0 0 0 0 21 0 0 0 0 18 0 0 0 49 6 0 30 45 0 0 0 0 0 90 0 14 0 0 40 0 6 0 0 0 9 0 0 0 0 0 0 0 6 0 0 0 25 0 0 25 21 66
0 18 0 0 0 24 0 0 0 10 0 0 16 0 6 0 0 0 0 12 0 0 0 0 0 0 0 0 0 0 0 0 0 0 0 0 0 0 0 0 0 0 0 0 0 0 0 0 20 0 0 0 0 0 0 0 0 0 0 0 0 0 0 0
0 0 0 0 0 72 9 16 0 0 18 0 0 16 7 0 0 0 12 10 0 20 9 0 0 14 0 0 0 0 0 36 0 33 0 9 0 2 0 81 0 2 5 8 0 0 2 0 0 30 0 0 0 6 0 0 0 0 0 0 0 18 51 9
0 0 0 0 0 0 27 8 0 2 36 0 0 16 28 0 0 36 0 0 72 0 0 18 0 0 6 16 0 0 99 0 49 0 0 0 0 9 0 6 0 0 0 64 7 9 0 0 72 0 42 0 35 0 0 0 63 0 8 6 45 0 7 21
0 0 54 0 0 112 9 0 109 4 36 5 45 0 72 87 0 0 0 32 0 0 0 40 0 10 27 0 0 0 0 0 28 0 0 0 28 0 0 0 12 36 0 0 20 24 15 0 0 0 0 35 0 0 0 32 0 0 0 24 0 36 0 84
0 0 0 27 8 0 72 0 0 0 0 0 0 0 0 0 2 0 0 5 0 0 0 0 0 16 0 0 0 14 87 0 0 6 17 2 0 24 0 5 0 0 27 0 0 0 27 0 24 0 0 24 18 0 0 0 18 0 0 0 6 0 0 0
0 0 35 0 0 0 45 76 21 0 34 0 42 0 159 15 25 0 5 56 0 35 166 0 0 35 0 5 0 0 21 0 0 0 0 25 0 20 8 0 28 12 50 77 39 0 25 0 0 54 0 0 0 15 0 0 0 56 64 0 0 20 0 72
10 0 0 2 8 63 56 16 0 0 0 0 0 16 2 46 14 0 12 0 14 0 0 8 0 11 65 10 12 15 56 0 0 25 56 18 23 0 0 0 0 0 20 0 4 0 24 18 2 0 0 0 0 0 6 0 0 0 0 0 0 0 7 2
54 0 35 0 58 0 32 60 0 0 0 0 42 52 54 27 0 0 0 0 81 0 0 16 0 35 32 20 20 0 21 0 0 12 0 0 52 18 0 0 28 0 0 0 42 81 7 48 0 0 0 0 18 0 12 48 36 0 61 0 0 0 4 0
0 0 0 0 0 0 72 9 63 0 0 0 0 45 4 0 28 0 0 0 0 0 0 0 0 16 8 0 4 0 0 0 7 27 0 36 45 0 0 0 0 36 8 0 0 0 12 0 0 0 6 0 5 0 0 0 9 0 0 0 0 36 10 88
15 0 0 10 0 24 45 0 18 0 0 3 27 0 0 24 40 0 0 0 0 58 0 24 0 21 0 0 0 0 0 0 0 0 0 85 0 10 0 0 0 0 16 0 0 0 9 40 10 0 0 21 0 0 0 0 16 0 0 0 0 0 15 45
20 0 0 0 0 98 64 8 53 0 4 12 27 16 53 30 0 4 0 0 16 0 16 24 0 6 0 0 45 0 64 0 0 0 64 63 8 0 0 81 0 20 2 2 0 0 9 28 0 12 0 25 0 51 0 0 0 0 6 0 0 20 20 45
16 9 0 0 83 72 64 0 45 84 14 0 0 0 59 7 0 2 63 30 16 16 0 0 0 16 0 42 0 0 64 0 0 0 112 0 8 0 0 30 63 12 42 0 0 0 8 14 0 6 0 20 0 28 0 0 0 0 0 0 12 22 26 27
0 0 0 0 56 0 21 15 6 0 15 0 0 0 0 32 28 24 0 35 15 28 0 9 0 20 44 9 4 12 3 15 0 20 56 36 6 0 0 35 0 0 8 0 0 0 12 0 27 0 0 21 0 0 0 0 0 24 0 0 32 27 0 4
0 0 0 0 0 0 0 0 0 0 0 0 0 0 0 0 0 0 0 0 0 0 0 0 0 0 0 0 0 0 0 0 0 0 0 0 0 0 0 0 0 0 0 0 0 0 0 0 0 0 0 0 0 0 0 0 0 0 0 0 0 0 0 0
